126 1194
9 9 5 6 35 38 40 41 67 68 113 
9 9 9 10 39 42 44 45 71 72 113 
9 9 13 14 43 46 48 49 75 76 113 
9 9 17 18 47 50 52 53 79 80 113 
9 9 21 22 51 54 56 57 83 84 113 
9 9 25 26 55 58 60 61 87 88 113 
9 9 41 42 67 70 72 73 91 92 113 
9 9 45 46 71 74 76 77 95 96 113 
9 9 49 50 75 78 80 81 99 100 113 
9 9 53 54 79 82 84 85 103 104 113 
9 9 73 74 91 94 96 97 107 108 113 
9 9 77 78 95 98 100 101 111 112 113 
9 9 5 6 8 9 33 34 35 36 113 
9 9 9 10 12 13 35 38 39 40 113 
9 9 13 14 16 17 39 42 43 44 113 
9 9 17 18 20 21 43 46 47 48 113 
9 9 21 22 24 25 47 50 51 52 113 
9 9 25 26 28 29 51 54 55 56 113 
9 9 29 30 31 32 55 58 59 60 113 
9 9 41 42 44 45 65 66 67 68 113 
9 9 45 46 48 49 67 70 71 72 113 
9 9 49 50 52 53 71 74 75 76 113 
9 9 53 54 56 57 75 78 79 80 113 
9 9 57 58 60 61 79 82 83 84 113 
9 9 73 74 76 77 89 90 91 92 113 
9 9 77 78 80 81 91 94 95 96 113 
9 9 81 82 84 85 95 98 99 100 113 
9 9 97 98 100 101 105 106 107 108 113 
9 9 3 6 35 36 41 42 68 69 113 
9 9 7 10 39 40 45 46 72 73 113 
9 9 11 14 43 44 49 50 76 77 113 
9 9 15 18 47 48 53 54 80 81 113 
9 9 19 22 51 52 57 58 84 85 113 
9 9 39 42 67 68 73 74 92 93 113 
9 9 43 46 71 72 77 78 96 97 113 
9 9 47 50 75 76 81 82 100 101 113 
9 9 71 74 91 92 97 98 108 109 113 
9 9 7 8 11 14 36 37 41 42 113 
9 9 11 12 15 18 40 41 45 46 113 
9 9 15 16 19 22 44 45 49 50 113 
9 9 19 20 23 26 48 49 53 54 113 
9 9 23 24 27 30 52 53 57 58 113 
9 9 43 44 47 50 68 69 73 74 113 
9 9 47 48 51 54 72 73 77 78 113 
9 9 51 52 55 58 76 77 81 82 113 
9 9 55 56 59 62 80 81 85 86 113 
9 9 75 76 79 82 92 93 97 98 113 
9 9 79 80 83 86 96 97 101 102 113 
9 9 1 2 4 5 35 38 39 40 113 
9 9 5 6 8 9 39 42 43 44 113 
9 9 9 10 12 13 43 46 47 48 113 
9 9 13 14 16 17 47 50 51 52 113 
9 9 17 18 20 21 51 54 55 56 113 
9 9 21 22 24 25 55 58 59 60 113 
9 9 25 26 28 29 59 62 63 64 113 
9 9 37 38 40 41 67 70 71 72 113 
9 9 41 42 44 45 71 74 75 76 113 
9 9 45 46 48 49 75 78 79 80 113 
9 9 49 50 52 53 79 82 83 84 113 
9 9 53 54 56 57 83 86 87 88 113 
9 9 69 70 72 73 91 94 95 96 113 
9 9 73 74 76 77 95 98 99 100 113 
9 9 77 78 80 81 99 102 103 104 113 
9 9 93 94 96 97 107 110 111 112 113 
9 9 8 9 37 38 39 40 65 66 113 
9 9 12 13 41 42 43 44 67 70 113 
9 9 16 17 45 46 47 48 71 74 113 
9 9 20 21 49 50 51 52 75 78 113 
9 9 24 25 53 54 55 56 79 82 113 
9 9 28 29 57 58 59 60 83 86 113 
9 9 44 45 69 70 71 72 89 90 113 
9 9 48 49 73 74 75 76 91 94 113 
9 9 52 53 77 78 79 80 95 98 113 
9 9 56 57 81 82 83 84 99 102 113 
9 9 76 77 93 94 95 96 105 106 113 
9 9 80 81 97 98 99 100 107 110 113 
9 9 3 6 9 10 39 40 44 45 113 
9 9 7 10 13 14 43 44 48 49 113 
9 9 11 14 17 18 47 48 52 53 113 
9 9 15 18 21 22 51 52 56 57 113 
9 9 19 22 25 26 55 56 60 61 113 
9 9 35 38 41 42 67 68 72 73 113 
9 9 39 42 45 46 71 72 76 77 113 
9 9 43 46 49 50 75 76 80 81 113 
9 9 47 50 53 54 79 80 84 85 113 
9 9 67 70 73 74 91 92 96 97 113 
9 9 71 74 77 78 95 96 100 101 113 
9 9 11 14 39 40 45 46 68 69 113 
9 9 15 18 43 44 49 50 72 73 113 
9 9 19 22 47 48 53 54 76 77 113 
9 9 23 26 51 52 57 58 80 81 113 
9 9 27 30 55 56 61 62 84 85 113 
9 9 47 50 71 72 77 78 92 93 113 
9 9 51 54 75 76 81 82 96 97 113 
9 9 55 58 79 80 85 86 100 101 113 
9 9 79 82 95 96 101 102 108 109 113 
9 9 1 2 33 34 36 37 65 66 114 
9 9 5 6 35 38 40 41 67 70 114 
9 9 9 10 39 42 44 45 71 74 114 
9 9 13 14 43 46 48 49 75 78 114 
9 9 17 18 47 50 52 53 79 82 114 
9 9 21 22 51 54 56 57 83 86 114 
9 9 37 38 65 66 68 69 89 90 114 
9 9 41 42 67 70 72 73 91 94 114 
9 9 45 46 71 74 76 77 95 98 114 
9 9 49 50 75 78 80 81 99 102 114 
9 9 69 70 89 90 92 93 105 106 114 
9 9 73 74 91 94 96 97 107 110 114 
9 9 9 10 12 13 37 38 39 40 114 
9 9 13 14 16 17 41 42 43 44 114 
9 9 17 18 20 21 45 46 47 48 114 
9 9 21 22 24 25 49 50 51 52 114 
9 9 25 26 28 29 53 54 55 56 114 
9 9 29 30 31 32 57 58 59 60 114 
9 9 45 46 48 49 69 70 71 72 114 
9 9 49 50 52 53 73 74 75 76 114 
9 9 53 54 56 57 77 78 79 80 114 
9 9 57 58 60 61 81 82 83 84 114 
9 9 77 78 80 81 93 94 95 96 114 
9 9 81 82 84 85 97 98 99 100 114 
9 9 5 6 35 36 41 42 68 69 114 
9 9 9 10 39 40 45 46 72 73 114 
9 9 13 14 43 44 49 50 76 77 114 
9 9 17 18 47 48 53 54 80 81 114 
9 9 21 22 51 52 57 58 84 85 114 
9 9 41 42 67 68 73 74 92 93 114 
9 9 45 46 71 72 77 78 96 97 114 
9 9 49 50 75 76 81 82 100 101 114 
9 9 73 74 91 92 97 98 108 109 114 
9 9 7 8 13 14 36 37 41 42 114 
9 9 11 12 17 18 40 41 45 46 114 
9 9 15 16 21 22 44 45 49 50 114 
9 9 19 20 25 26 48 49 53 54 114 
9 9 23 24 29 30 52 53 57 58 114 
9 9 43 44 49 50 68 69 73 74 114 
9 9 47 48 53 54 72 73 77 78 114 
9 9 51 52 57 58 76 77 81 82 114 
9 9 55 56 61 62 80 81 85 86 114 
9 9 75 76 81 82 92 93 97 98 114 
9 9 79 80 85 86 96 97 101 102 114 
9 9 1 2 4 5 35 38 40 41 114 
9 9 5 6 8 9 39 42 44 45 114 
9 9 9 10 12 13 43 46 48 49 114 
9 9 13 14 16 17 47 50 52 53 114 
9 9 17 18 20 21 51 54 56 57 114 
9 9 21 22 24 25 55 58 60 61 114 
9 9 37 38 40 41 67 70 72 73 114 
9 9 41 42 44 45 71 74 76 77 114 
9 9 45 46 48 49 75 78 80 81 114 
9 9 49 50 52 53 79 82 84 85 114 
9 9 69 70 72 73 91 94 96 97 114 
9 9 73 74 76 77 95 98 100 101 114 
9 9 12 13 41 42 43 44 67 68 114 
9 9 16 17 45 46 47 48 71 72 114 
9 9 20 21 49 50 51 52 75 76 114 
9 9 24 25 53 54 55 56 79 80 114 
9 9 28 29 57 58 59 60 83 84 114 
9 9 31 32 61 62 63 64 87 88 114 
9 9 48 49 73 74 75 76 91 92 114 
9 9 52 53 77 78 79 80 95 96 114 
9 9 56 57 81 82 83 84 99 100 114 
9 9 60 61 85 86 87 88 103 104 114 
9 9 80 81 97 98 99 100 107 108 114 
9 9 84 85 101 102 103 104 111 112 114 
9 9 3 4 9 10 39 40 44 45 114 
9 9 7 8 13 14 43 44 48 49 114 
9 9 11 12 17 18 47 48 52 53 114 
9 9 15 16 21 22 51 52 56 57 114 
9 9 19 20 25 26 55 56 60 61 114 
9 9 35 36 41 42 67 68 72 73 114 
9 9 39 40 45 46 71 72 76 77 114 
9 9 43 44 49 50 75 76 80 81 114 
9 9 47 48 53 54 79 80 84 85 114 
9 9 67 68 73 74 91 92 96 97 114 
9 9 71 72 77 78 95 96 100 101 114 
9 9 11 12 39 40 45 46 68 69 114 
9 9 15 16 43 44 49 50 72 73 114 
9 9 19 20 47 48 53 54 76 77 114 
9 9 23 24 51 52 57 58 80 81 114 
9 9 27 28 55 56 61 62 84 85 114 
9 9 47 48 71 72 77 78 92 93 114 
9 9 51 52 75 76 81 82 96 97 114 
9 9 55 56 79 80 85 86 100 101 114 
9 9 79 80 95 96 101 102 108 109 114 
9 9 5 6 35 36 37 38 40 41 115 
9 9 9 10 39 40 41 42 44 45 115 
9 9 13 14 43 44 45 46 48 49 115 
9 9 17 18 47 48 49 50 52 53 115 
9 9 21 22 51 52 53 54 56 57 115 
9 9 25 26 55 56 57 58 60 61 115 
9 9 41 42 67 68 69 70 72 73 115 
9 9 45 46 71 72 73 74 76 77 115 
9 9 49 50 75 76 77 78 80 81 115 
9 9 53 54 79 80 81 82 84 85 115 
9 9 73 74 91 92 93 94 96 97 115 
9 9 77 78 95 96 97 98 100 101 115 
9 9 3 4 5 6 8 9 35 36 115 
9 9 7 8 9 10 12 13 39 40 115 
9 9 11 12 13 14 16 17 43 44 115 
9 9 15 16 17 18 20 21 47 48 115 
9 9 19 20 21 22 24 25 51 52 115 
9 9 23 24 25 26 28 29 55 56 115 
9 9 27 28 29 30 31 32 59 60 115 
9 9 39 40 41 42 44 45 67 68 115 
9 9 43 44 45 46 48 49 71 72 115 
9 9 47 48 49 50 52 53 75 76 115 
9 9 51 52 53 54 56 57 79 80 115 
9 9 55 56 57 58 60 61 83 84 115 
9 9 71 72 73 74 76 77 91 92 115 
9 9 75 76 77 78 80 81 95 96 115 
9 9 79 80 81 82 84 85 99 100 115 
9 9 95 96 97 98 100 101 107 108 115 
9 9 3 4 7 8 9 10 40 41 115 
9 9 7 8 11 12 13 14 44 45 115 
9 9 11 12 15 16 17 18 48 49 115 
9 9 15 16 19 20 21 22 52 53 115 
9 9 19 20 23 24 25 26 56 57 115 
9 9 23 24 27 28 29 30 60 61 115 
9 9 35 36 39 40 41 42 68 69 115 
9 9 39 40 43 44 45 46 72 73 115 
9 9 43 44 47 48 49 50 76 77 115 
9 9 47 48 51 52 53 54 80 81 115 
9 9 51 52 55 56 57 58 84 85 115 
9 9 67 68 71 72 73 74 92 93 115 
9 9 71 72 75 76 77 78 96 97 115 
9 9 75 76 79 80 81 82 100 101 115 
9 9 91 92 95 96 97 98 108 109 115 
9 9 7 8 36 37 39 40 41 42 115 
9 9 11 12 40 41 43 44 45 46 115 
9 9 15 16 44 45 47 48 49 50 115 
9 9 19 20 48 49 51 52 53 54 115 
9 9 23 24 52 53 55 56 57 58 115 
9 9 27 28 56 57 59 60 61 62 115 
9 9 43 44 68 69 71 72 73 74 115 
9 9 47 48 72 73 75 76 77 78 115 
9 9 51 52 76 77 79 80 81 82 115 
9 9 55 56 80 81 83 84 85 86 115 
9 9 75 76 92 93 95 96 97 98 115 
9 9 79 80 96 97 99 100 101 102 115 
9 9 3 4 5 6 7 8 35 38 115 
9 9 7 8 9 10 11 12 39 42 115 
9 9 11 12 13 14 15 16 43 46 115 
9 9 15 16 17 18 19 20 47 50 115 
9 9 19 20 21 22 23 24 51 54 115 
9 9 23 24 25 26 27 28 55 58 115 
9 9 35 36 37 38 39 40 65 66 115 
9 9 39 40 41 42 43 44 67 70 115 
9 9 43 44 45 46 47 48 71 74 115 
9 9 47 48 49 50 51 52 75 78 115 
9 9 51 52 53 54 55 56 79 82 115 
9 9 55 56 57 58 59 60 83 86 115 
9 9 67 68 69 70 71 72 89 90 115 
9 9 71 72 73 74 75 76 91 94 115 
9 9 75 76 77 78 79 80 95 98 115 
9 9 79 80 81 82 83 84 99 102 115 
9 9 91 92 93 94 95 96 105 106 115 
9 9 95 96 97 98 99 100 107 110 115 
9 9 1 2 3 4 5 6 35 38 115 
9 9 5 6 7 8 9 10 39 42 115 
9 9 9 10 11 12 13 14 43 46 115 
9 9 13 14 15 16 17 18 47 50 115 
9 9 17 18 19 20 21 22 51 54 115 
9 9 21 22 23 24 25 26 55 58 115 
9 9 25 26 27 28 29 30 59 62 115 
9 9 37 38 39 40 41 42 67 70 115 
9 9 41 42 43 44 45 46 71 74 115 
9 9 45 46 47 48 49 50 75 78 115 
9 9 49 50 51 52 53 54 79 82 115 
9 9 53 54 55 56 57 58 83 86 115 
9 9 69 70 71 72 73 74 91 94 115 
9 9 73 74 75 76 77 78 95 98 115 
9 9 77 78 79 80 81 82 99 102 115 
9 9 93 94 95 96 97 98 107 110 115 
9 9 5 6 33 34 35 36 37 38 115 
9 9 9 10 35 38 39 40 41 42 115 
9 9 13 14 39 42 43 44 45 46 115 
9 9 17 18 43 46 47 48 49 50 115 
9 9 21 22 47 50 51 52 53 54 115 
9 9 25 26 51 54 55 56 57 58 115 
9 9 29 30 55 58 59 60 61 62 115 
9 9 41 42 65 66 67 68 69 70 115 
9 9 45 46 67 70 71 72 73 74 115 
9 9 49 50 71 74 75 76 77 78 115 
9 9 53 54 75 78 79 80 81 82 115 
9 9 57 58 79 82 83 84 85 86 115 
9 9 73 74 89 90 91 92 93 94 115 
9 9 77 78 91 94 95 96 97 98 115 
9 9 81 82 95 98 99 100 101 102 115 
9 9 97 98 105 106 107 108 109 110 115 
9 9 3 6 35 36 37 38 41 42 115 
9 9 7 10 39 40 41 42 45 46 115 
9 9 11 14 43 44 45 46 49 50 115 
9 9 15 18 47 48 49 50 53 54 115 
9 9 19 22 51 52 53 54 57 58 115 
9 9 23 26 55 56 57 58 61 62 115 
9 9 39 42 67 68 69 70 73 74 115 
9 9 43 46 71 72 73 74 77 78 115 
9 9 47 50 75 76 77 78 81 82 115 
9 9 51 54 79 80 81 82 85 86 115 
9 9 71 74 91 92 93 94 97 98 115 
9 9 75 78 95 96 97 98 101 102 115 
9 9 3 4 5 6 35 38 40 41 116 
9 9 7 8 9 10 39 42 44 45 116 
9 9 11 12 13 14 43 46 48 49 116 
9 9 15 16 17 18 47 50 52 53 116 
9 9 19 20 21 22 51 54 56 57 116 
9 9 23 24 25 26 55 58 60 61 116 
9 9 35 36 37 38 65 66 68 69 116 
9 9 39 40 41 42 67 70 72 73 116 
9 9 43 44 45 46 71 74 76 77 116 
9 9 47 48 49 50 75 78 80 81 116 
9 9 51 52 53 54 79 82 84 85 116 
9 9 67 68 69 70 89 90 92 93 116 
9 9 71 72 73 74 91 94 96 97 116 
9 9 75 76 77 78 95 98 100 101 116 
9 9 91 92 93 94 105 106 108 109 116 
9 9 5 6 7 8 9 10 35 36 116 
9 9 9 10 11 12 13 14 39 40 116 
9 9 13 14 15 16 17 18 43 44 116 
9 9 17 18 19 20 21 22 47 48 116 
9 9 21 22 23 24 25 26 51 52 116 
9 9 25 26 27 28 29 30 55 56 116 
9 9 41 42 43 44 45 46 67 68 116 
9 9 45 46 47 48 49 50 71 72 116 
9 9 49 50 51 52 53 54 75 76 116 
9 9 53 54 55 56 57 58 79 80 116 
9 9 57 58 59 60 61 62 83 84 116 
9 9 73 74 75 76 77 78 91 92 116 
9 9 77 78 79 80 81 82 95 96 116 
9 9 81 82 83 84 85 86 99 100 116 
9 9 97 98 99 100 101 102 107 108 116 
9 9 3 4 9 10 39 40 41 42 116 
9 9 7 8 13 14 43 44 45 46 116 
9 9 11 12 17 18 47 48 49 50 116 
9 9 15 16 21 22 51 52 53 54 116 
9 9 19 20 25 26 55 56 57 58 116 
9 9 23 24 29 30 59 60 61 62 116 
9 9 35 36 41 42 67 68 69 70 116 
9 9 39 40 45 46 71 72 73 74 116 
9 9 43 44 49 50 75 76 77 78 116 
9 9 47 48 53 54 79 80 81 82 116 
9 9 51 52 57 58 83 84 85 86 116 
9 9 67 68 73 74 91 92 93 94 116 
9 9 71 72 77 78 95 96 97 98 116 
9 9 75 76 81 82 99 100 101 102 116 
9 9 91 92 97 98 107 108 109 110 116 
9 9 7 8 35 36 37 38 41 42 116 
9 9 11 12 39 40 41 42 45 46 116 
9 9 15 16 43 44 45 46 49 50 116 
9 9 19 20 47 48 49 50 53 54 116 
9 9 23 24 51 52 53 54 57 58 116 
9 9 27 28 55 56 57 58 61 62 116 
9 9 43 44 67 68 69 70 73 74 116 
9 9 47 48 71 72 73 74 77 78 116 
9 9 51 52 75 76 77 78 81 82 116 
9 9 55 56 79 80 81 82 85 86 116 
9 9 75 76 91 92 93 94 97 98 116 
9 9 79 80 95 96 97 98 101 102 116 
9 9 3 4 5 6 8 9 39 42 116 
9 9 7 8 9 10 12 13 43 46 116 
9 9 11 12 13 14 16 17 47 50 116 
9 9 15 16 17 18 20 21 51 54 116 
9 9 19 20 21 22 24 25 55 58 116 
9 9 23 24 25 26 28 29 59 62 116 
9 9 35 36 37 38 40 41 67 70 116 
9 9 39 40 41 42 44 45 71 74 116 
9 9 43 44 45 46 48 49 75 78 116 
9 9 47 48 49 50 52 53 79 82 116 
9 9 51 52 53 54 56 57 83 86 116 
9 9 67 68 69 70 72 73 91 94 116 
9 9 71 72 73 74 76 77 95 98 116 
9 9 75 76 77 78 80 81 99 102 116 
9 9 91 92 93 94 96 97 107 110 116 
9 9 7 8 9 10 37 38 39 40 116 
9 9 11 12 13 14 41 42 43 44 116 
9 9 15 16 17 18 45 46 47 48 116 
9 9 19 20 21 22 49 50 51 52 116 
9 9 23 24 25 26 53 54 55 56 116 
9 9 27 28 29 30 57 58 59 60 116 
9 9 43 44 45 46 69 70 71 72 116 
9 9 47 48 49 50 73 74 75 76 116 
9 9 51 52 53 54 77 78 79 80 116 
9 9 55 56 57 58 81 82 83 84 116 
9 9 59 60 61 62 85 86 87 88 116 
9 9 75 76 77 78 93 94 95 96 116 
9 9 79 80 81 82 97 98 99 100 116 
9 9 83 84 85 86 101 102 103 104 116 
9 9 99 100 101 102 109 110 111 112 116 
9 9 5 6 35 36 39 40 41 42 116 
9 9 9 10 39 40 43 44 45 46 116 
9 9 13 14 43 44 47 48 49 50 116 
9 9 17 18 47 48 51 52 53 54 116 
9 9 21 22 51 52 55 56 57 58 116 
9 9 25 26 55 56 59 60 61 62 116 
9 9 41 42 67 68 71 72 73 74 116 
9 9 45 46 71 72 75 76 77 78 116 
9 9 49 50 75 76 79 80 81 82 116 
9 9 53 54 79 80 83 84 85 86 116 
9 9 73 74 91 92 95 96 97 98 116 
9 9 77 78 95 96 99 100 101 102 116 
9 9 3 4 9 10 35 36 37 38 116 
9 9 7 8 13 14 39 40 41 42 116 
9 9 11 12 17 18 43 44 45 46 116 
9 9 15 16 21 22 47 48 49 50 116 
9 9 19 20 25 26 51 52 53 54 116 
9 9 23 24 29 30 55 56 57 58 116 
9 9 39 40 45 46 67 68 69 70 116 
9 9 43 44 49 50 71 72 73 74 116 
9 9 47 48 53 54 75 76 77 78 116 
9 9 51 52 57 58 79 80 81 82 116 
9 9 55 56 61 62 83 84 85 86 116 
9 9 71 72 77 78 91 92 93 94 116 
9 9 75 76 81 82 95 96 97 98 116 
9 9 79 80 85 86 99 100 101 102 116 
9 9 95 96 101 102 107 108 109 110 116 
9 9 3 4 5 6 35 38 39 40 117 
9 9 7 8 9 10 39 42 43 44 117 
9 9 11 12 13 14 43 46 47 48 117 
9 9 15 16 17 18 47 50 51 52 117 
9 9 19 20 21 22 51 54 55 56 117 
9 9 23 24 25 26 55 58 59 60 117 
9 9 27 28 29 30 59 62 63 64 117 
9 9 35 36 37 38 65 66 67 68 117 
9 9 39 40 41 42 67 70 71 72 117 
9 9 43 44 45 46 71 74 75 76 117 
9 9 47 48 49 50 75 78 79 80 117 
9 9 51 52 53 54 79 82 83 84 117 
9 9 55 56 57 58 83 86 87 88 117 
9 9 67 68 69 70 89 90 91 92 117 
9 9 71 72 73 74 91 94 95 96 117 
9 9 75 76 77 78 95 98 99 100 117 
9 9 79 80 81 82 99 102 103 104 117 
9 9 91 92 93 94 105 106 107 108 117 
9 9 95 96 97 98 107 110 111 112 117 
9 9 1 2 3 4 5 6 33 34 117 
9 9 5 6 7 8 9 10 35 38 117 
9 9 9 10 11 12 13 14 39 42 117 
9 9 13 14 15 16 17 18 43 46 117 
9 9 17 18 19 20 21 22 47 50 117 
9 9 21 22 23 24 25 26 51 54 117 
9 9 25 26 27 28 29 30 55 58 117 
9 9 37 38 39 40 41 42 65 66 117 
9 9 41 42 43 44 45 46 67 70 117 
9 9 45 46 47 48 49 50 71 74 117 
9 9 49 50 51 52 53 54 75 78 117 
9 9 53 54 55 56 57 58 79 82 117 
9 9 57 58 59 60 61 62 83 86 117 
9 9 69 70 71 72 73 74 89 90 117 
9 9 73 74 75 76 77 78 91 94 117 
9 9 77 78 79 80 81 82 95 98 117 
9 9 81 82 83 84 85 86 99 102 117 
9 9 93 94 95 96 97 98 105 106 117 
9 9 97 98 99 100 101 102 107 110 117 
9 9 3 6 9 10 39 40 41 42 117 
9 9 7 10 13 14 43 44 45 46 117 
9 9 11 14 17 18 47 48 49 50 117 
9 9 15 18 21 22 51 52 53 54 117 
9 9 19 22 25 26 55 56 57 58 117 
9 9 23 26 29 30 59 60 61 62 117 
9 9 35 38 41 42 67 68 69 70 117 
9 9 39 42 45 46 71 72 73 74 117 
9 9 43 46 49 50 75 76 77 78 117 
9 9 47 50 53 54 79 80 81 82 117 
9 9 51 54 57 58 83 84 85 86 117 
9 9 67 70 73 74 91 92 93 94 117 
9 9 71 74 77 78 95 96 97 98 117 
9 9 75 78 81 82 99 100 101 102 117 
9 9 91 94 97 98 107 108 109 110 117 
9 9 7 10 35 36 37 38 41 42 117 
9 9 11 14 39 40 41 42 45 46 117 
9 9 15 18 43 44 45 46 49 50 117 
9 9 19 22 47 48 49 50 53 54 117 
9 9 23 26 51 52 53 54 57 58 117 
9 9 27 30 55 56 57 58 61 62 117 
9 9 43 46 67 68 69 70 73 74 117 
9 9 47 50 71 72 73 74 77 78 117 
9 9 51 54 75 76 77 78 81 82 117 
9 9 55 58 79 80 81 82 85 86 117 
9 9 75 78 91 92 93 94 97 98 117 
9 9 79 82 95 96 97 98 101 102 117 
9 9 3 4 5 6 8 9 39 40 117 
9 9 7 8 9 10 12 13 43 44 117 
9 9 11 12 13 14 16 17 47 48 117 
9 9 15 16 17 18 20 21 51 52 117 
9 9 19 20 21 22 24 25 55 56 117 
9 9 23 24 25 26 28 29 59 60 117 
9 9 27 28 29 30 31 32 63 64 117 
9 9 35 36 37 38 40 41 67 68 117 
9 9 39 40 41 42 44 45 71 72 117 
9 9 43 44 45 46 48 49 75 76 117 
9 9 47 48 49 50 52 53 79 80 117 
9 9 51 52 53 54 56 57 83 84 117 
9 9 55 56 57 58 60 61 87 88 117 
9 9 67 68 69 70 72 73 91 92 117 
9 9 71 72 73 74 76 77 95 96 117 
9 9 75 76 77 78 80 81 99 100 117 
9 9 79 80 81 82 84 85 103 104 117 
9 9 91 92 93 94 96 97 107 108 117 
9 9 95 96 97 98 100 101 111 112 117 
9 9 3 4 5 6 33 34 35 36 117 
9 9 7 8 9 10 35 38 39 40 117 
9 9 11 12 13 14 39 42 43 44 117 
9 9 15 16 17 18 43 46 47 48 117 
9 9 19 20 21 22 47 50 51 52 117 
9 9 23 24 25 26 51 54 55 56 117 
9 9 27 28 29 30 55 58 59 60 117 
9 9 39 40 41 42 65 66 67 68 117 
9 9 43 44 45 46 67 70 71 72 117 
9 9 47 48 49 50 71 74 75 76 117 
9 9 51 52 53 54 75 78 79 80 117 
9 9 55 56 57 58 79 82 83 84 117 
9 9 59 60 61 62 83 86 87 88 117 
9 9 71 72 73 74 89 90 91 92 117 
9 9 75 76 77 78 91 94 95 96 117 
9 9 79 80 81 82 95 98 99 100 117 
9 9 83 84 85 86 99 102 103 104 117 
9 9 95 96 97 98 105 106 107 108 117 
9 9 99 100 101 102 107 110 111 112 117 
9 9 3 6 35 36 39 40 41 42 117 
9 9 7 10 39 40 43 44 45 46 117 
9 9 11 14 43 44 47 48 49 50 117 
9 9 15 18 47 48 51 52 53 54 117 
9 9 19 22 51 52 55 56 57 58 117 
9 9 23 26 55 56 59 60 61 62 117 
9 9 39 42 67 68 71 72 73 74 117 
9 9 43 46 71 72 75 76 77 78 117 
9 9 47 50 75 76 79 80 81 82 117 
9 9 51 54 79 80 83 84 85 86 117 
9 9 71 74 91 92 95 96 97 98 117 
9 9 75 78 95 96 99 100 101 102 117 
9 9 3 4 7 10 35 36 37 38 117 
9 9 7 8 11 14 39 40 41 42 117 
9 9 11 12 15 18 43 44 45 46 117 
9 9 15 16 19 22 47 48 49 50 117 
9 9 19 20 23 26 51 52 53 54 117 
9 9 23 24 27 30 55 56 57 58 117 
9 9 39 40 43 46 67 68 69 70 117 
9 9 43 44 47 50 71 72 73 74 117 
9 9 47 48 51 54 75 76 77 78 117 
9 9 51 52 55 58 79 80 81 82 117 
9 9 55 56 59 62 83 84 85 86 117 
9 9 71 72 75 78 91 92 93 94 117 
9 9 75 76 79 82 95 96 97 98 117 
9 9 79 80 83 86 99 100 101 102 117 
9 9 95 96 99 102 107 108 109 110 117 
9 9 3 6 7 8 9 10 12 13 118 
9 9 7 10 11 12 13 14 16 17 118 
9 9 11 14 15 16 17 18 20 21 118 
9 9 15 18 19 20 21 22 24 25 118 
9 9 19 22 23 24 25 26 28 29 118 
9 9 23 26 27 28 29 30 31 32 118 
9 9 33 34 35 36 37 38 40 41 118 
9 9 35 38 39 40 41 42 44 45 118 
9 9 39 42 43 44 45 46 48 49 118 
9 9 43 46 47 48 49 50 52 53 118 
9 9 47 50 51 52 53 54 56 57 118 
9 9 51 54 55 56 57 58 60 61 118 
9 9 65 66 67 68 69 70 72 73 118 
9 9 67 70 71 72 73 74 76 77 118 
9 9 71 74 75 76 77 78 80 81 118 
9 9 75 78 79 80 81 82 84 85 118 
9 9 89 90 91 92 93 94 96 97 118 
9 9 91 94 95 96 97 98 100 101 118 
9 9 9 10 39 40 41 42 67 68 118 
9 9 13 14 43 44 45 46 71 72 118 
9 9 17 18 47 48 49 50 75 76 118 
9 9 21 22 51 52 53 54 79 80 118 
9 9 25 26 55 56 57 58 83 84 118 
9 9 29 30 59 60 61 62 87 88 118 
9 9 45 46 71 72 73 74 91 92 118 
9 9 49 50 75 76 77 78 95 96 118 
9 9 53 54 79 80 81 82 99 100 118 
9 9 57 58 83 84 85 86 103 104 118 
9 9 77 78 95 96 97 98 107 108 118 
9 9 81 82 99 100 101 102 111 112 118 
9 9 3 4 7 8 9 10 13 14 118 
9 9 7 8 11 12 13 14 17 18 118 
9 9 11 12 15 16 17 18 21 22 118 
9 9 15 16 19 20 21 22 25 26 118 
9 9 19 20 23 24 25 26 29 30 118 
9 9 35 36 39 40 41 42 45 46 118 
9 9 39 40 43 44 45 46 49 50 118 
9 9 43 44 47 48 49 50 53 54 118 
9 9 47 48 51 52 53 54 57 58 118 
9 9 51 52 55 56 57 58 61 62 118 
9 9 67 68 71 72 73 74 77 78 118 
9 9 71 72 75 76 77 78 81 82 118 
9 9 75 76 79 80 81 82 85 86 118 
9 9 91 92 95 96 97 98 101 102 118 
9 9 7 8 39 40 41 42 69 70 118 
9 9 11 12 43 44 45 46 73 74 118 
9 9 15 16 47 48 49 50 77 78 118 
9 9 19 20 51 52 53 54 81 82 118 
9 9 23 24 55 56 57 58 85 86 118 
9 9 43 44 71 72 73 74 93 94 118 
9 9 47 48 75 76 77 78 97 98 118 
9 9 51 52 79 80 81 82 101 102 118 
9 9 75 76 95 96 97 98 109 110 118 
9 9 1 2 3 4 5 6 7 8 118 
9 9 5 6 7 8 9 10 11 12 118 
9 9 9 10 11 12 13 14 15 16 118 
9 9 13 14 15 16 17 18 19 20 118 
9 9 17 18 19 20 21 22 23 24 118 
9 9 21 22 23 24 25 26 27 28 118 
9 9 37 38 39 40 41 42 43 44 118 
9 9 41 42 43 44 45 46 47 48 118 
9 9 45 46 47 48 49 50 51 52 118 
9 9 49 50 51 52 53 54 55 56 118 
9 9 53 54 55 56 57 58 59 60 118 
9 9 57 58 59 60 61 62 63 64 118 
9 9 69 70 71 72 73 74 75 76 118 
9 9 73 74 75 76 77 78 79 80 118 
9 9 77 78 79 80 81 82 83 84 118 
9 9 81 82 83 84 85 86 87 88 118 
9 9 93 94 95 96 97 98 99 100 118 
9 9 97 98 99 100 101 102 103 104 118 
9 9 4 5 35 36 37 38 65 66 118 
9 9 8 9 39 40 41 42 67 70 118 
9 9 12 13 43 44 45 46 71 74 118 
9 9 16 17 47 48 49 50 75 78 118 
9 9 20 21 51 52 53 54 79 82 118 
9 9 24 25 55 56 57 58 83 86 118 
9 9 40 41 67 68 69 70 89 90 118 
9 9 44 45 71 72 73 74 91 94 118 
9 9 48 49 75 76 77 78 95 98 118 
9 9 52 53 79 80 81 82 99 102 118 
9 9 72 73 91 92 93 94 105 106 118 
9 9 76 77 95 96 97 98 107 110 118 
9 9 3 6 7 8 9 10 12 13 118 
9 9 7 10 11 12 13 14 16 17 118 
9 9 11 14 15 16 17 18 20 21 118 
9 9 15 18 19 20 21 22 24 25 118 
9 9 19 22 23 24 25 26 28 29 118 
9 9 23 26 27 28 29 30 31 32 118 
9 9 33 34 35 36 37 38 40 41 118 
9 9 35 38 39 40 41 42 44 45 118 
9 9 39 42 43 44 45 46 48 49 118 
9 9 43 46 47 48 49 50 52 53 118 
9 9 47 50 51 52 53 54 56 57 118 
9 9 51 54 55 56 57 58 60 61 118 
9 9 65 66 67 68 69 70 72 73 118 
9 9 67 70 71 72 73 74 76 77 118 
9 9 71 74 75 76 77 78 80 81 118 
9 9 75 78 79 80 81 82 84 85 118 
9 9 89 90 91 92 93 94 96 97 118 
9 9 91 94 95 96 97 98 100 101 118 
9 9 7 10 39 40 41 42 68 69 118 
9 9 11 14 43 44 45 46 72 73 118 
9 9 15 18 47 48 49 50 76 77 118 
9 9 19 22 51 52 53 54 80 81 118 
9 9 23 26 55 56 57 58 84 85 118 
9 9 43 46 71 72 73 74 92 93 118 
9 9 47 50 75 76 77 78 96 97 118 
9 9 51 54 79 80 81 82 100 101 118 
9 9 75 78 95 96 97 98 108 109 118 
9 9 3 6 8 9 39 42 44 45 119 
9 9 7 10 12 13 43 46 48 49 119 
9 9 11 14 16 17 47 50 52 53 119 
9 9 15 18 20 21 51 54 56 57 119 
9 9 19 22 24 25 55 58 60 61 119 
9 9 33 34 36 37 65 66 68 69 119 
9 9 35 38 40 41 67 70 72 73 119 
9 9 39 42 44 45 71 74 76 77 119 
9 9 43 46 48 49 75 78 80 81 119 
9 9 47 50 52 53 79 82 84 85 119 
9 9 65 66 68 69 89 90 92 93 119 
9 9 67 70 72 73 91 94 96 97 119 
9 9 71 74 76 77 95 98 100 101 119 
9 9 89 90 92 93 105 106 108 109 119 
9 9 13 14 41 42 43 44 67 68 119 
9 9 17 18 45 46 47 48 71 72 119 
9 9 21 22 49 50 51 52 75 76 119 
9 9 25 26 53 54 55 56 79 80 119 
9 9 29 30 57 58 59 60 83 84 119 
9 9 49 50 73 74 75 76 91 92 119 
9 9 53 54 77 78 79 80 95 96 119 
9 9 57 58 81 82 83 84 99 100 119 
9 9 61 62 85 86 87 88 103 104 119 
9 9 81 82 97 98 99 100 107 108 119 
9 9 85 86 101 102 103 104 111 112 119 
9 9 3 4 9 10 39 40 45 46 119 
9 9 7 8 13 14 43 44 49 50 119 
9 9 11 12 17 18 47 48 53 54 119 
9 9 15 16 21 22 51 52 57 58 119 
9 9 19 20 25 26 55 56 61 62 119 
9 9 35 36 41 42 67 68 73 74 119 
9 9 39 40 45 46 71 72 77 78 119 
9 9 43 44 49 50 75 76 81 82 119 
9 9 47 48 53 54 79 80 85 86 119 
9 9 67 68 73 74 91 92 97 98 119 
9 9 71 72 77 78 95 96 101 102 119 
9 9 11 12 39 40 45 46 69 70 119 
9 9 15 16 43 44 49 50 73 74 119 
9 9 19 20 47 48 53 54 77 78 119 
9 9 23 24 51 52 57 58 81 82 119 
9 9 27 28 55 56 61 62 85 86 119 
9 9 47 48 71 72 77 78 93 94 119 
9 9 51 52 75 76 81 82 97 98 119 
9 9 55 56 79 80 85 86 101 102 119 
9 9 79 80 95 96 101 102 109 110 119 
9 9 4 5 35 38 40 41 67 70 119 
9 9 8 9 39 42 44 45 71 74 119 
9 9 12 13 43 46 48 49 75 78 119 
9 9 16 17 47 50 52 53 79 82 119 
9 9 20 21 51 54 56 57 83 86 119 
9 9 36 37 65 66 68 69 89 90 119 
9 9 40 41 67 70 72 73 91 94 119 
9 9 44 45 71 74 76 77 95 98 119 
9 9 48 49 75 78 80 81 99 102 119 
9 9 68 69 89 90 92 93 105 106 119 
9 9 72 73 91 94 96 97 107 110 119 
9 9 9 10 11 12 37 38 39 40 119 
9 9 13 14 15 16 41 42 43 44 119 
9 9 17 18 19 20 45 46 47 48 119 
9 9 21 22 23 24 49 50 51 52 119 
9 9 25 26 27 28 53 54 55 56 119 
9 9 45 46 47 48 69 70 71 72 119 
9 9 49 50 51 52 73 74 75 76 119 
9 9 53 54 55 56 77 78 79 80 119 
9 9 57 58 59 60 81 82 83 84 119 
9 9 61 62 63 64 85 86 87 88 119 
9 9 77 78 79 80 93 94 95 96 119 
9 9 81 82 83 84 97 98 99 100 119 
9 9 85 86 87 88 101 102 103 104 119 
9 9 101 102 103 104 109 110 111 112 119 
9 9 5 6 35 36 41 42 67 68 119 
9 9 9 10 39 40 45 46 71 72 119 
9 9 13 14 43 44 49 50 75 76 119 
9 9 17 18 47 48 53 54 79 80 119 
9 9 21 22 51 52 57 58 83 84 119 
9 9 25 26 55 56 61 62 87 88 119 
9 9 41 42 67 68 73 74 91 92 119 
9 9 45 46 71 72 77 78 95 96 119 
9 9 49 50 75 76 81 82 99 100 119 
9 9 53 54 79 80 85 86 103 104 119 
9 9 73 74 91 92 97 98 107 108 119 
9 9 77 78 95 96 101 102 111 112 119 
9 9 7 8 13 14 35 36 41 42 119 
9 9 11 12 17 18 39 40 45 46 119 
9 9 15 16 21 22 43 44 49 50 119 
9 9 19 20 25 26 47 48 53 54 119 
9 9 23 24 29 30 51 52 57 58 119 
9 9 43 44 49 50 67 68 73 74 119 
9 9 47 48 53 54 71 72 77 78 119 
9 9 51 52 57 58 75 76 81 82 119 
9 9 55 56 61 62 79 80 85 86 119 
9 9 75 76 81 82 91 92 97 98 119 
9 9 79 80 85 86 95 96 101 102 119 
9 9 5 6 8 9 37 38 39 40 120 
9 9 9 10 12 13 41 42 43 44 120 
9 9 13 14 16 17 45 46 47 48 120 
9 9 17 18 20 21 49 50 51 52 120 
9 9 21 22 24 25 53 54 55 56 120 
9 9 25 26 28 29 57 58 59 60 120 
9 9 29 30 31 32 61 62 63 64 120 
9 9 41 42 44 45 69 70 71 72 120 
9 9 45 46 48 49 73 74 75 76 120 
9 9 49 50 52 53 77 78 79 80 120 
9 9 53 54 56 57 81 82 83 84 120 
9 9 57 58 60 61 85 86 87 88 120 
9 9 73 74 76 77 93 94 95 96 120 
9 9 77 78 80 81 97 98 99 100 120 
9 9 81 82 84 85 101 102 103 104 120 
9 9 97 98 100 101 109 110 111 112 120 
9 9 4 5 8 9 35 38 39 40 120 
9 9 8 9 12 13 39 42 43 44 120 
9 9 12 13 16 17 43 46 47 48 120 
9 9 16 17 20 21 47 50 51 52 120 
9 9 20 21 24 25 51 54 55 56 120 
9 9 24 25 28 29 55 58 59 60 120 
9 9 28 29 31 32 59 62 63 64 120 
9 9 36 37 40 41 65 66 67 68 120 
9 9 40 41 44 45 67 70 71 72 120 
9 9 44 45 48 49 71 74 75 76 120 
9 9 48 49 52 53 75 78 79 80 120 
9 9 52 53 56 57 79 82 83 84 120 
9 9 56 57 60 61 83 86 87 88 120 
9 9 68 69 72 73 89 90 91 92 120 
9 9 72 73 76 77 91 94 95 96 120 
9 9 76 77 80 81 95 98 99 100 120 
9 9 80 81 84 85 99 102 103 104 120 
9 9 92 93 96 97 105 106 107 108 120 
9 9 96 97 100 101 107 110 111 112 120 
9 9 3 6 8 9 35 36 40 41 120 
9 9 7 10 12 13 39 40 44 45 120 
9 9 11 14 16 17 43 44 48 49 120 
9 9 15 18 20 21 47 48 52 53 120 
9 9 19 22 24 25 51 52 56 57 120 
9 9 23 26 28 29 55 56 60 61 120 
9 9 39 42 44 45 67 68 72 73 120 
9 9 43 46 48 49 71 72 76 77 120 
9 9 47 50 52 53 75 76 80 81 120 
9 9 51 54 56 57 79 80 84 85 120 
9 9 71 74 76 77 91 92 96 97 120 
9 9 75 78 80 81 95 96 100 101 120 
9 9 3 4 7 10 36 37 40 41 120 
9 9 7 8 11 14 40 41 44 45 120 
9 9 11 12 15 18 44 45 48 49 120 
9 9 15 16 19 22 48 49 52 53 120 
9 9 19 20 23 26 52 53 56 57 120 
9 9 23 24 27 30 56 57 60 61 120 
9 9 39 40 43 46 68 69 72 73 120 
9 9 43 44 47 50 72 73 76 77 120 
9 9 47 48 51 54 76 77 80 81 120 
9 9 51 52 55 58 80 81 84 85 120 
9 9 71 72 75 78 92 93 96 97 120 
9 9 75 76 79 82 96 97 100 101 120 
9 9 1 2 4 5 33 34 36 37 120 
9 9 5 6 8 9 35 38 40 41 120 
9 9 9 10 12 13 39 42 44 45 120 
9 9 13 14 16 17 43 46 48 49 120 
9 9 17 18 20 21 47 50 52 53 120 
9 9 21 22 24 25 51 54 56 57 120 
9 9 25 26 28 29 55 58 60 61 120 
9 9 37 38 40 41 65 66 68 69 120 
9 9 41 42 44 45 67 70 72 73 120 
9 9 45 46 48 49 71 74 76 77 120 
9 9 49 50 52 53 75 78 80 81 120 
9 9 53 54 56 57 79 82 84 85 120 
9 9 69 70 72 73 89 90 92 93 120 
9 9 73 74 76 77 91 94 96 97 120 
9 9 77 78 80 81 95 98 100 101 120 
9 9 93 94 96 97 105 106 108 109 120 
9 9 5 6 8 9 35 36 39 40 120 
9 9 9 10 12 13 39 40 43 44 120 
9 9 13 14 16 17 43 44 47 48 120 
9 9 17 18 20 21 47 48 51 52 120 
9 9 21 22 24 25 51 52 55 56 120 
9 9 25 26 28 29 55 56 59 60 120 
9 9 29 30 31 32 59 60 63 64 120 
9 9 41 42 44 45 67 68 71 72 120 
9 9 45 46 48 49 71 72 75 76 120 
9 9 49 50 52 53 75 76 79 80 120 
9 9 53 54 56 57 79 80 83 84 120 
9 9 57 58 60 61 83 84 87 88 120 
9 9 73 74 76 77 91 92 95 96 120 
9 9 77 78 80 81 95 96 99 100 120 
9 9 81 82 84 85 99 100 103 104 120 
9 9 97 98 100 101 107 108 111 112 120 
9 9 3 4 9 10 35 36 40 41 120 
9 9 7 8 13 14 39 40 44 45 120 
9 9 11 12 17 18 43 44 48 49 120 
9 9 15 16 21 22 47 48 52 53 120 
9 9 19 20 25 26 51 52 56 57 120 
9 9 23 24 29 30 55 56 60 61 120 
9 9 39 40 45 46 67 68 72 73 120 
9 9 43 44 49 50 71 72 76 77 120 
9 9 47 48 53 54 75 76 80 81 120 
9 9 51 52 57 58 79 80 84 85 120 
9 9 71 72 77 78 91 92 96 97 120 
9 9 75 76 81 82 95 96 100 101 120 
9 9 3 4 7 8 36 37 41 42 120 
9 9 7 8 11 12 40 41 45 46 120 
9 9 11 12 15 16 44 45 49 50 120 
9 9 15 16 19 20 48 49 53 54 120 
9 9 19 20 23 24 52 53 57 58 120 
9 9 23 24 27 28 56 57 61 62 120 
9 9 39 40 43 44 68 69 73 74 120 
9 9 43 44 47 48 72 73 77 78 120 
9 9 47 48 51 52 76 77 81 82 120 
9 9 51 52 55 56 80 81 85 86 120 
9 9 71 72 75 76 92 93 97 98 120 
9 9 75 76 79 80 96 97 101 102 120 
9 9 3 4 5 6 7 8 35 36 121 
9 9 7 8 9 10 11 12 39 40 121 
9 9 11 12 13 14 15 16 43 44 121 
9 9 15 16 17 18 19 20 47 48 121 
9 9 19 20 21 22 23 24 51 52 121 
9 9 23 24 25 26 27 28 55 56 121 
9 9 39 40 41 42 43 44 67 68 121 
9 9 43 44 45 46 47 48 71 72 121 
9 9 47 48 49 50 51 52 75 76 121 
9 9 51 52 53 54 55 56 79 80 121 
9 9 55 56 57 58 59 60 83 84 121 
9 9 59 60 61 62 63 64 87 88 121 
9 9 71 72 73 74 75 76 91 92 121 
9 9 75 76 77 78 79 80 95 96 121 
9 9 79 80 81 82 83 84 99 100 121 
9 9 83 84 85 86 87 88 103 104 121 
9 9 95 96 97 98 99 100 107 108 121 
9 9 99 100 101 102 103 104 111 112 121 
9 9 3 6 7 8 9 10 39 42 121 
9 9 7 10 11 12 13 14 43 46 121 
9 9 11 14 15 16 17 18 47 50 121 
9 9 15 18 19 20 21 22 51 54 121 
9 9 19 22 23 24 25 26 55 58 121 
9 9 23 26 27 28 29 30 59 62 121 
9 9 33 34 35 36 37 38 65 66 121 
9 9 35 38 39 40 41 42 67 70 121 
9 9 39 42 43 44 45 46 71 74 121 
9 9 43 46 47 48 49 50 75 78 121 
9 9 47 50 51 52 53 54 79 82 121 
9 9 51 54 55 56 57 58 83 86 121 
9 9 65 66 67 68 69 70 89 90 121 
9 9 67 70 71 72 73 74 91 94 121 
9 9 71 74 75 76 77 78 95 98 121 
9 9 75 78 79 80 81 82 99 102 121 
9 9 89 90 91 92 93 94 105 106 121 
9 9 91 94 95 96 97 98 107 110 121 
9 9 3 6 33 34 35 36 37 38 121 
9 9 7 10 35 38 39 40 41 42 121 
9 9 11 14 39 42 43 44 45 46 121 
9 9 15 18 43 46 47 48 49 50 121 
9 9 19 22 47 50 51 52 53 54 121 
9 9 23 26 51 54 55 56 57 58 121 
9 9 27 30 55 58 59 60 61 62 121 
9 9 39 42 65 66 67 68 69 70 121 
9 9 43 46 67 70 71 72 73 74 121 
9 9 47 50 71 74 75 76 77 78 121 
9 9 51 54 75 78 79 80 81 82 121 
9 9 55 58 79 82 83 84 85 86 121 
9 9 71 74 89 90 91 92 93 94 121 
9 9 75 78 91 94 95 96 97 98 121 
9 9 79 82 95 98 99 100 101 102 121 
9 9 95 98 105 106 107 108 109 110 121 
9 9 3 6 35 36 37 38 39 42 121 
9 9 7 10 39 40 41 42 43 46 121 
9 9 11 14 43 44 45 46 47 50 121 
9 9 15 18 47 48 49 50 51 54 121 
9 9 19 22 51 52 53 54 55 58 121 
9 9 23 26 55 56 57 58 59 62 121 
9 9 39 42 67 68 69 70 71 74 121 
9 9 43 46 71 72 73 74 75 78 121 
9 9 47 50 75 76 77 78 79 82 121 
9 9 51 54 79 80 81 82 83 86 121 
9 9 71 74 91 92 93 94 95 98 121 
9 9 75 78 95 96 97 98 99 102 121 
9 9 3 6 7 8 9 10 11 12 122 
9 9 7 10 11 12 13 14 15 16 122 
9 9 11 14 15 16 17 18 19 20 122 
9 9 15 18 19 20 21 22 23 24 122 
9 9 19 22 23 24 25 26 27 28 122 
9 9 33 34 35 36 37 38 39 40 122 
9 9 35 38 39 40 41 42 43 44 122 
9 9 39 42 43 44 45 46 47 48 122 
9 9 43 46 47 48 49 50 51 52 122 
9 9 47 50 51 52 53 54 55 56 122 
9 9 51 54 55 56 57 58 59 60 122 
9 9 55 58 59 60 61 62 63 64 122 
9 9 65 66 67 68 69 70 71 72 122 
9 9 67 70 71 72 73 74 75 76 122 
9 9 71 74 75 76 77 78 79 80 122 
9 9 75 78 79 80 81 82 83 84 122 
9 9 79 82 83 84 85 86 87 88 122 
9 9 89 90 91 92 93 94 95 96 122 
9 9 91 94 95 96 97 98 99 100 122 
9 9 95 98 99 100 101 102 103 104 122 
9 9 105 106 107 108 109 110 111 112 122 
9 9 5 6 35 36 37 38 65 66 122 
9 9 9 10 39 40 41 42 67 70 122 
9 9 13 14 43 44 45 46 71 74 122 
9 9 17 18 47 48 49 50 75 78 122 
9 9 21 22 51 52 53 54 79 82 122 
9 9 25 26 55 56 57 58 83 86 122 
9 9 41 42 67 68 69 70 89 90 122 
9 9 45 46 71 72 73 74 91 94 122 
9 9 49 50 75 76 77 78 95 98 122 
9 9 53 54 79 80 81 82 99 102 122 
9 9 73 74 91 92 93 94 105 106 122 
9 9 77 78 95 96 97 98 107 110 122 
9 9 3 6 7 8 9 10 13 14 122 
9 9 7 10 11 12 13 14 17 18 122 
9 9 11 14 15 16 17 18 21 22 122 
9 9 15 18 19 20 21 22 25 26 122 
9 9 19 22 23 24 25 26 29 30 122 
9 9 33 34 35 36 37 38 41 42 122 
9 9 35 38 39 40 41 42 45 46 122 
9 9 39 42 43 44 45 46 49 50 122 
9 9 43 46 47 48 49 50 53 54 122 
9 9 47 50 51 52 53 54 57 58 122 
9 9 51 54 55 56 57 58 61 62 122 
9 9 65 66 67 68 69 70 73 74 122 
9 9 67 70 71 72 73 74 77 78 122 
9 9 71 74 75 76 77 78 81 82 122 
9 9 75 78 79 80 81 82 85 86 122 
9 9 89 90 91 92 93 94 97 98 122 
9 9 91 94 95 96 97 98 101 102 122 
9 9 7 10 39 40 41 42 69 70 122 
9 9 11 14 43 44 45 46 73 74 122 
9 9 15 18 47 48 49 50 77 78 122 
9 9 19 22 51 52 53 54 81 82 122 
9 9 23 26 55 56 57 58 85 86 122 
9 9 43 46 71 72 73 74 93 94 122 
9 9 47 50 75 76 77 78 97 98 122 
9 9 51 54 79 80 81 82 101 102 122 
9 9 75 78 95 96 97 98 109 110 122 
9 9 3 4 5 6 7 8 9 10 123 
9 9 7 8 9 10 11 12 13 14 123 
9 9 11 12 13 14 15 16 17 18 123 
9 9 15 16 17 18 19 20 21 22 123 
9 9 19 20 21 22 23 24 25 26 123 
9 9 23 24 25 26 27 28 29 30 123 
9 9 35 36 37 38 39 40 41 42 123 
9 9 39 40 41 42 43 44 45 46 123 
9 9 43 44 45 46 47 48 49 50 123 
9 9 47 48 49 50 51 52 53 54 123 
9 9 51 52 53 54 55 56 57 58 123 
9 9 55 56 57 58 59 60 61 62 123 
9 9 67 68 69 70 71 72 73 74 123 
9 9 71 72 73 74 75 76 77 78 123 
9 9 75 76 77 78 79 80 81 82 123 
9 9 79 80 81 82 83 84 85 86 123 
9 9 91 92 93 94 95 96 97 98 123 
9 9 95 96 97 98 99 100 101 102 123 
9 9 3 4 5 6 35 36 37 38 123 
9 9 7 8 9 10 39 40 41 42 123 
9 9 11 12 13 14 43 44 45 46 123 
9 9 15 16 17 18 47 48 49 50 123 
9 9 19 20 21 22 51 52 53 54 123 
9 9 23 24 25 26 55 56 57 58 123 
9 9 27 28 29 30 59 60 61 62 123 
9 9 39 40 41 42 67 68 69 70 123 
9 9 43 44 45 46 71 72 73 74 123 
9 9 47 48 49 50 75 76 77 78 123 
9 9 51 52 53 54 79 80 81 82 123 
9 9 55 56 57 58 83 84 85 86 123 
9 9 71 72 73 74 91 92 93 94 123 
9 9 75 76 77 78 95 96 97 98 123 
9 9 79 80 81 82 99 100 101 102 123 
9 9 95 96 97 98 107 108 109 110 123 
9 9 3 4 5 6 7 8 9 10 123 
9 9 7 8 9 10 11 12 13 14 123 
9 9 11 12 13 14 15 16 17 18 123 
9 9 15 16 17 18 19 20 21 22 123 
9 9 19 20 21 22 23 24 25 26 123 
9 9 23 24 25 26 27 28 29 30 123 
9 9 35 36 37 38 39 40 41 42 123 
9 9 39 40 41 42 43 44 45 46 123 
9 9 43 44 45 46 47 48 49 50 123 
9 9 47 48 49 50 51 52 53 54 123 
9 9 51 52 53 54 55 56 57 58 123 
9 9 55 56 57 58 59 60 61 62 123 
9 9 67 68 69 70 71 72 73 74 123 
9 9 71 72 73 74 75 76 77 78 123 
9 9 75 76 77 78 79 80 81 82 123 
9 9 79 80 81 82 83 84 85 86 123 
9 9 91 92 93 94 95 96 97 98 123 
9 9 95 96 97 98 99 100 101 102 123 
9 9 3 4 5 6 35 36 37 38 123 
9 9 7 8 9 10 39 40 41 42 123 
9 9 11 12 13 14 43 44 45 46 123 
9 9 15 16 17 18 47 48 49 50 123 
9 9 19 20 21 22 51 52 53 54 123 
9 9 23 24 25 26 55 56 57 58 123 
9 9 27 28 29 30 59 60 61 62 123 
9 9 39 40 41 42 67 68 69 70 123 
9 9 43 44 45 46 71 72 73 74 123 
9 9 47 48 49 50 75 76 77 78 123 
9 9 51 52 53 54 79 80 81 82 123 
9 9 55 56 57 58 83 84 85 86 123 
9 9 71 72 73 74 91 92 93 94 123 
9 9 75 76 77 78 95 96 97 98 123 
9 9 79 80 81 82 99 100 101 102 123 
9 9 95 96 97 98 107 108 109 110 123 
9 9 3 6 8 9 37 38 39 40 124 
9 9 7 10 12 13 41 42 43 44 124 
9 9 11 14 16 17 45 46 47 48 124 
9 9 15 18 20 21 49 50 51 52 124 
9 9 19 22 24 25 53 54 55 56 124 
9 9 23 26 28 29 57 58 59 60 124 
9 9 27 30 31 32 61 62 63 64 124 
9 9 39 42 44 45 69 70 71 72 124 
9 9 43 46 48 49 73 74 75 76 124 
9 9 47 50 52 53 77 78 79 80 124 
9 9 51 54 56 57 81 82 83 84 124 
9 9 55 58 60 61 85 86 87 88 124 
9 9 71 74 76 77 93 94 95 96 124 
9 9 75 78 80 81 97 98 99 100 124 
9 9 79 82 84 85 101 102 103 104 124 
9 9 95 98 100 101 109 110 111 112 124 
9 9 4 5 9 10 35 38 39 40 124 
9 9 8 9 13 14 39 42 43 44 124 
9 9 12 13 17 18 43 46 47 48 124 
9 9 16 17 21 22 47 50 51 52 124 
9 9 20 21 25 26 51 54 55 56 124 
9 9 24 25 29 30 55 58 59 60 124 
9 9 36 37 41 42 65 66 67 68 124 
9 9 40 41 45 46 67 70 71 72 124 
9 9 44 45 49 50 71 74 75 76 124 
9 9 48 49 53 54 75 78 79 80 124 
9 9 52 53 57 58 79 82 83 84 124 
9 9 56 57 61 62 83 86 87 88 124 
9 9 68 69 73 74 89 90 91 92 124 
9 9 72 73 77 78 91 94 95 96 124 
9 9 76 77 81 82 95 98 99 100 124 
9 9 80 81 85 86 99 102 103 104 124 
9 9 92 93 97 98 105 106 107 108 124 
9 9 96 97 101 102 107 110 111 112 124 
9 9 3 6 8 9 35 36 41 42 124 
9 9 7 10 12 13 39 40 45 46 124 
9 9 11 14 16 17 43 44 49 50 124 
9 9 15 18 20 21 47 48 53 54 124 
9 9 19 22 24 25 51 52 57 58 124 
9 9 23 26 28 29 55 56 61 62 124 
9 9 39 42 44 45 67 68 73 74 124 
9 9 43 46 48 49 71 72 77 78 124 
9 9 47 50 52 53 75 76 81 82 124 
9 9 51 54 56 57 79 80 85 86 124 
9 9 71 74 76 77 91 92 97 98 124 
9 9 75 78 80 81 95 96 101 102 124 
9 9 3 4 7 10 37 38 40 41 124 
9 9 7 8 11 14 41 42 44 45 124 
9 9 11 12 15 18 45 46 48 49 124 
9 9 15 16 19 22 49 50 52 53 124 
9 9 19 20 23 26 53 54 56 57 124 
9 9 23 24 27 30 57 58 60 61 124 
9 9 39 40 43 46 69 70 72 73 124 
9 9 43 44 47 50 73 74 76 77 124 
9 9 47 48 51 54 77 78 80 81 124 
9 9 51 52 55 58 81 82 84 85 124 
9 9 71 72 75 78 93 94 96 97 124 
9 9 75 76 79 82 97 98 100 101 124 
9 9 3 4 5 6 8 9 35 38 125 
9 9 7 8 9 10 12 13 39 42 125 
9 9 11 12 13 14 16 17 43 46 125 
9 9 15 16 17 18 20 21 47 50 125 
9 9 19 20 21 22 24 25 51 54 125 
9 9 23 24 25 26 28 29 55 58 125 
9 9 27 28 29 30 31 32 59 62 125 
9 9 35 36 37 38 40 41 65 66 125 
9 9 39 40 41 42 44 45 67 70 125 
9 9 43 44 45 46 48 49 71 74 125 
9 9 47 48 49 50 52 53 75 78 125 
9 9 51 52 53 54 56 57 79 82 125 
9 9 55 56 57 58 60 61 83 86 125 
9 9 67 68 69 70 72 73 89 90 125 
9 9 71 72 73 74 76 77 91 94 125 
9 9 75 76 77 78 80 81 95 98 125 
9 9 79 80 81 82 84 85 99 102 125 
9 9 91 92 93 94 96 97 105 106 125 
9 9 95 96 97 98 100 101 107 110 125 
9 9 1 2 3 4 5 6 35 36 125 
9 9 5 6 7 8 9 10 39 40 125 
9 9 9 10 11 12 13 14 43 44 125 
9 9 13 14 15 16 17 18 47 48 125 
9 9 17 18 19 20 21 22 51 52 125 
9 9 21 22 23 24 25 26 55 56 125 
9 9 25 26 27 28 29 30 59 60 125 
9 9 37 38 39 40 41 42 67 68 125 
9 9 41 42 43 44 45 46 71 72 125 
9 9 45 46 47 48 49 50 75 76 125 
9 9 49 50 51 52 53 54 79 80 125 
9 9 53 54 55 56 57 58 83 84 125 
9 9 57 58 59 60 61 62 87 88 125 
9 9 69 70 71 72 73 74 91 92 125 
9 9 73 74 75 76 77 78 95 96 125 
9 9 77 78 79 80 81 82 99 100 125 
9 9 81 82 83 84 85 86 103 104 125 
9 9 93 94 95 96 97 98 107 108 125 
9 9 97 98 99 100 101 102 111 112 125 
9 9 9 10 35 36 39 40 41 42 125 
9 9 13 14 39 40 43 44 45 46 125 
9 9 17 18 43 44 47 48 49 50 125 
9 9 21 22 47 48 51 52 53 54 125 
9 9 25 26 51 52 55 56 57 58 125 
9 9 29 30 55 56 59 60 61 62 125 
9 9 45 46 67 68 71 72 73 74 125 
9 9 49 50 71 72 75 76 77 78 125 
9 9 53 54 75 76 79 80 81 82 125 
9 9 57 58 79 80 83 84 85 86 125 
9 9 77 78 91 92 95 96 97 98 125 
9 9 81 82 95 96 99 100 101 102 125 
9 9 3 4 35 36 37 38 41 42 125 
9 9 7 8 39 40 41 42 45 46 125 
9 9 11 12 43 44 45 46 49 50 125 
9 9 15 16 47 48 49 50 53 54 125 
9 9 19 20 51 52 53 54 57 58 125 
9 9 23 24 55 56 57 58 61 62 125 
9 9 39 40 67 68 69 70 73 74 125 
9 9 43 44 71 72 73 74 77 78 125 
9 9 47 48 75 76 77 78 81 82 125 
9 9 51 52 79 80 81 82 85 86 125 
9 9 71 72 91 92 93 94 97 98 125 
9 9 75 76 95 96 97 98 101 102 125 
9 9 1 2 4 5 33 34 35 36 126 
9 9 5 6 8 9 35 38 39 40 126 
9 9 9 10 12 13 39 42 43 44 126 
9 9 13 14 16 17 43 46 47 48 126 
9 9 17 18 20 21 47 50 51 52 126 
9 9 21 22 24 25 51 54 55 56 126 
9 9 25 26 28 29 55 58 59 60 126 
9 9 29 30 31 32 59 62 63 64 126 
9 9 37 38 40 41 65 66 67 68 126 
9 9 41 42 44 45 67 70 71 72 126 
9 9 45 46 48 49 71 74 75 76 126 
9 9 49 50 52 53 75 78 79 80 126 
9 9 53 54 56 57 79 82 83 84 126 
9 9 57 58 60 61 83 86 87 88 126 
9 9 69 70 72 73 89 90 91 92 126 
9 9 73 74 76 77 91 94 95 96 126 
9 9 77 78 80 81 95 98 99 100 126 
9 9 81 82 84 85 99 102 103 104 126 
9 9 93 94 96 97 105 106 107 108 126 
9 9 97 98 100 101 107 110 111 112 126 
