180 926
9 9 3 4 31 32 33 34 35 36 161 
9 9 7 8 9 10 11 13 35 37 161 
9 9 11 12 39 40 41 42 43 44 161 
9 9 15 16 17 18 19 21 43 45 161 
9 9 19 20 47 48 49 50 51 52 161 
9 9 36 38 60 62 63 64 65 66 161 
9 9 29 30 31 32 33 34 61 62 161 
9 9 59 60 85 86 87 88 89 90 161 
9 9 44 46 68 70 71 72 73 74 161 
9 9 37 38 39 40 41 42 69 70 161 
9 9 63 64 65 66 67 69 89 91 161 
9 9 67 68 93 94 95 96 97 98 161 
9 9 52 54 76 78 79 80 81 82 161 
9 9 45 46 47 48 49 50 77 78 161 
9 9 71 72 73 74 75 77 97 99 161 
9 9 75 76 101 102 103 104 105 106 161 
9 9 83 84 85 86 87 88 109 110 161 
9 9 98 100 116 118 119 120 121 122 161 
9 9 91 92 93 94 95 96 117 118 161 
9 9 115 116 133 134 135 136 137 138 161 
9 9 106 108 124 126 127 128 129 130 161 
9 9 99 100 101 102 103 104 125 126 161 
9 9 119 120 121 122 123 125 137 139 161 
9 9 123 124 141 142 143 144 145 146 161 
9 9 131 132 133 134 135 136 149 150 161 
9 9 139 140 141 142 143 144 157 158 161 
9 9 4 6 28 30 31 32 33 34 162 
9 9 5 6 7 8 9 10 37 38 162 
9 9 12 14 36 38 39 40 41 42 162 
9 9 13 14 15 16 17 18 45 46 162 
9 9 20 22 44 46 47 48 49 50 162 
9 9 21 22 23 24 25 26 53 54 162 
9 9 61 62 63 64 65 66 91 92 162 
9 9 31 32 33 34 35 37 59 61 162 
9 9 27 28 55 56 57 58 59 60 162 
9 9 68 70 90 92 93 94 95 96 162 
9 9 69 70 71 72 73 74 99 100 162 
9 9 39 40 41 42 43 45 67 69 162 
9 9 35 36 63 64 65 66 67 68 162 
9 9 76 78 98 100 101 102 103 104 162 
9 9 77 78 79 80 81 82 107 108 162 
9 9 47 48 49 50 51 53 75 77 162 
9 9 43 44 71 72 73 74 75 76 162 
9 9 109 110 111 112 113 114 131 132 162 
9 9 117 118 119 120 121 122 139 140 162 
9 9 93 94 95 96 97 99 115 117 162 
9 9 89 90 111 112 113 114 115 116 162 
9 9 124 126 138 140 141 142 143 144 162 
9 9 125 126 127 128 129 130 147 148 162 
9 9 101 102 103 104 105 107 123 125 162 
9 9 97 98 119 120 121 122 123 124 162 
9 9 141 142 143 144 145 147 155 157 162 
9 9 137 138 151 152 153 154 155 156 162 
9 9 4 6 7 8 9 10 35 37 163 
9 9 3 4 29 30 31 32 33 34 163 
9 9 12 14 15 16 17 18 43 45 163 
9 9 11 12 37 38 39 40 41 42 163 
9 9 20 22 23 24 25 26 51 53 163 
9 9 19 20 45 46 47 48 49 50 163 
9 9 60 62 63 64 65 66 89 91 163 
9 9 31 32 33 34 35 36 61 62 163 
9 9 28 30 55 56 57 58 59 61 163 
9 9 59 60 83 84 85 86 87 88 163 
9 9 68 70 71 72 73 74 97 99 163 
9 9 39 40 41 42 43 44 69 70 163 
9 9 36 38 63 64 65 66 67 69 163 
9 9 67 68 91 92 93 94 95 96 163 
9 9 76 78 79 80 81 82 105 107 163 
9 9 47 48 49 50 51 52 77 78 163 
9 9 44 46 71 72 73 74 75 77 163 
9 9 75 76 99 100 101 102 103 104 163 
9 9 85 86 87 88 89 90 109 110 163 
9 9 116 118 119 120 121 122 137 139 163 
9 9 93 94 95 96 97 98 117 118 163 
9 9 90 92 111 112 113 114 115 117 163 
9 9 115 116 131 132 133 134 135 136 163 
9 9 124 126 127 128 129 130 145 147 163 
9 9 101 102 103 104 105 106 125 126 163 
9 9 98 100 119 120 121 122 123 125 163 
9 9 123 124 139 140 141 142 143 144 163 
9 9 133 134 135 136 137 138 149 150 163 
9 9 141 142 143 144 145 146 157 158 163 
9 9 138 140 151 152 153 154 155 157 163 
9 9 4 6 31 32 33 34 35 37 164 
9 9 12 14 39 40 41 42 43 45 164 
9 9 7 8 9 10 11 12 37 38 164 
9 9 20 22 47 48 49 50 51 53 164 
9 9 15 16 17 18 19 20 45 46 164 
9 9 60 62 85 86 87 88 89 91 164 
9 9 35 36 61 62 63 64 65 66 164 
9 9 28 30 31 32 33 34 59 61 164 
9 9 55 56 57 58 59 60 83 84 164 
9 9 68 70 93 94 95 96 97 99 164 
9 9 43 44 69 70 71 72 73 74 164 
9 9 36 38 39 40 41 42 67 69 164 
9 9 63 64 65 66 67 68 91 92 164 
9 9 76 78 101 102 103 104 105 107 164 
9 9 51 52 77 78 79 80 81 82 164 
9 9 44 46 47 48 49 50 75 77 164 
9 9 71 72 73 74 75 76 99 100 164 
9 9 89 90 109 110 111 112 113 114 164 
9 9 116 118 133 134 135 136 137 139 164 
9 9 97 98 117 118 119 120 121 122 164 
9 9 90 92 93 94 95 96 115 117 164 
9 9 111 112 113 114 115 116 131 132 164 
9 9 124 126 141 142 143 144 145 147 164 
9 9 105 106 125 126 127 128 129 130 164 
9 9 98 100 101 102 103 104 123 125 164 
9 9 119 120 121 122 123 124 139 140 164 
9 9 137 138 149 150 151 152 153 154 164 
9 9 138 140 141 142 143 144 155 157 164 
9 9 4 6 29 30 31 32 33 34 165 
9 9 5 6 7 8 9 10 35 37 165 
9 9 12 14 37 38 39 40 41 42 165 
9 9 13 14 15 16 17 18 43 45 165 
9 9 20 22 45 46 47 48 49 50 165 
9 9 21 22 23 24 25 26 51 53 165 
9 9 60 62 83 84 85 86 87 88 165 
9 9 61 62 63 64 65 66 89 91 165 
9 9 31 32 33 34 35 36 59 61 165 
9 9 28 30 55 56 57 58 59 60 165 
9 9 68 70 91 92 93 94 95 96 165 
9 9 69 70 71 72 73 74 97 99 165 
9 9 39 40 41 42 43 44 67 69 165 
9 9 36 38 63 64 65 66 67 68 165 
9 9 76 78 99 100 101 102 103 104 165 
9 9 77 78 79 80 81 82 105 107 165 
9 9 47 48 49 50 51 52 75 77 165 
9 9 44 46 71 72 73 74 75 76 165 
9 9 116 118 131 132 133 134 135 136 165 
9 9 117 118 119 120 121 122 137 139 165 
9 9 93 94 95 96 97 98 115 117 165 
9 9 90 92 111 112 113 114 115 116 165 
9 9 124 126 139 140 141 142 143 144 165 
9 9 125 126 127 128 129 130 145 147 165 
9 9 101 102 103 104 105 106 123 125 165 
9 9 98 100 119 120 121 122 123 124 165 
9 9 141 142 143 144 145 146 155 157 165 
9 9 138 140 151 152 153 154 155 156 165 
9 9 3 4 28 30 31 32 33 34 165 
9 9 27 28 55 56 57 58 59 61 165 
9 9 11 12 36 38 39 40 41 42 165 
9 9 4 6 7 8 9 10 37 38 165 
9 9 31 32 33 34 35 37 61 62 165 
9 9 35 36 63 64 65 66 67 69 165 
9 9 19 20 44 46 47 48 49 50 165 
9 9 12 14 15 16 17 18 45 46 165 
9 9 39 40 41 42 43 45 69 70 165 
9 9 43 44 71 72 73 74 75 77 165 
9 9 20 22 23 24 25 26 53 54 165 
9 9 47 48 49 50 51 53 77 78 165 
9 9 67 68 90 92 93 94 95 96 165 
9 9 60 62 63 64 65 66 91 92 165 
9 9 85 86 87 88 89 91 109 110 165 
9 9 89 90 111 112 113 114 115 117 165 
9 9 75 76 98 100 101 102 103 104 165 
9 9 68 70 71 72 73 74 99 100 165 
9 9 93 94 95 96 97 99 117 118 165 
9 9 97 98 119 120 121 122 123 125 165 
9 9 76 78 79 80 81 82 107 108 165 
9 9 101 102 103 104 105 107 125 126 165 
9 9 123 124 138 140 141 142 143 144 165 
9 9 116 118 119 120 121 122 139 140 165 
9 9 133 134 135 136 137 139 149 150 165 
9 9 137 138 151 152 153 154 155 157 165 
9 9 124 126 127 128 129 130 147 148 165 
9 9 141 142 143 144 145 147 157 158 165 
9 9 4 6 7 8 31 32 33 34 166 
9 9 12 14 15 16 39 40 41 42 166 
9 9 7 8 9 10 11 12 41 42 166 
9 9 20 22 23 24 47 48 49 50 166 
9 9 15 16 17 18 19 20 49 50 166 
9 9 60 62 63 64 85 86 87 88 166 
9 9 31 32 61 62 63 64 65 66 166 
9 9 31 32 33 34 57 58 59 61 166 
9 9 55 56 57 58 59 60 87 88 166 
9 9 68 70 71 72 93 94 95 96 166 
9 9 39 40 69 70 71 72 73 74 166 
9 9 39 40 41 42 65 66 67 69 166 
9 9 63 64 65 66 67 68 95 96 166 
9 9 76 78 79 80 101 102 103 104 166 
9 9 47 48 77 78 79 80 81 82 166 
9 9 47 48 49 50 73 74 75 77 166 
9 9 71 72 73 74 75 76 103 104 166 
9 9 85 86 109 110 111 112 113 114 166 
9 9 116 118 119 120 133 134 135 136 166 
9 9 93 94 117 118 119 120 121 122 166 
9 9 93 94 95 96 113 114 115 117 166 
9 9 111 112 113 114 115 116 135 136 166 
9 9 124 126 127 128 141 142 143 144 166 
9 9 101 102 125 126 127 128 129 130 166 
9 9 101 102 103 104 121 122 123 125 166 
9 9 119 120 121 122 123 124 143 144 166 
9 9 133 134 149 150 151 152 153 154 166 
9 9 141 142 143 144 153 154 155 157 166 
9 9 28 30 31 32 33 34 55 56 166 
9 9 36 38 39 40 41 42 63 64 166 
9 9 7 8 9 10 37 38 39 40 166 
9 9 9 10 31 32 33 34 35 37 166 
9 9 33 34 35 36 63 64 65 66 166 
9 9 44 46 47 48 49 50 71 72 166 
9 9 15 16 17 18 45 46 47 48 166 
9 9 17 18 39 40 41 42 43 45 166 
9 9 41 42 43 44 71 72 73 74 166 
9 9 25 26 47 48 49 50 51 53 166 
9 9 49 50 51 52 79 80 81 82 166 
9 9 55 56 57 58 83 84 85 86 166 
9 9 90 92 93 94 95 96 111 112 166 
9 9 63 64 65 66 91 92 93 94 166 
9 9 65 66 85 86 87 88 89 91 166 
9 9 87 88 89 90 111 112 113 114 166 
9 9 98 100 101 102 103 104 119 120 166 
9 9 71 72 73 74 99 100 101 102 166 
9 9 73 74 93 94 95 96 97 99 166 
9 9 95 96 97 98 119 120 121 122 166 
9 9 81 82 101 102 103 104 105 107 166 
9 9 103 104 105 106 127 128 129 130 166 
9 9 111 112 113 114 131 132 133 134 166 
9 9 138 140 141 142 143 144 151 152 166 
9 9 119 120 121 122 139 140 141 142 166 
9 9 121 122 133 134 135 136 137 139 166 
9 9 135 136 137 138 151 152 153 154 166 
9 9 129 130 141 142 143 144 145 147 166 
9 9 4 6 7 8 9 10 33 34 167 
9 9 1 2 3 4 31 32 33 34 167 
9 9 12 14 15 16 17 18 41 42 167 
9 9 9 10 11 12 39 40 41 42 167 
9 9 20 22 23 24 25 26 49 50 167 
9 9 17 18 19 20 47 48 49 50 167 
9 9 60 62 63 64 65 66 87 88 167 
9 9 31 32 33 34 61 62 63 64 167 
9 9 31 32 55 56 57 58 59 61 167 
9 9 57 58 59 60 85 86 87 88 167 
9 9 68 70 71 72 73 74 95 96 167 
9 9 39 40 41 42 69 70 71 72 167 
9 9 39 40 63 64 65 66 67 69 167 
9 9 65 66 67 68 93 94 95 96 167 
9 9 76 78 79 80 81 82 103 104 167 
9 9 47 48 49 50 77 78 79 80 167 
9 9 47 48 71 72 73 74 75 77 167 
9 9 73 74 75 76 101 102 103 104 167 
9 9 85 86 87 88 109 110 111 112 167 
9 9 116 118 119 120 121 122 135 136 167 
9 9 93 94 95 96 117 118 119 120 167 
9 9 93 94 111 112 113 114 115 117 167 
9 9 113 114 115 116 133 134 135 136 167 
9 9 124 126 127 128 129 130 143 144 167 
9 9 101 102 103 104 125 126 127 128 167 
9 9 101 102 119 120 121 122 123 125 167 
9 9 121 122 123 124 141 142 143 144 167 
9 9 133 134 135 136 149 150 151 152 167 
9 9 141 142 143 144 157 158 159 160 167 
9 9 141 142 151 152 153 154 155 157 167 
9 9 28 30 31 32 55 56 57 58 167 
9 9 1 2 29 30 31 32 33 34 167 
9 9 36 38 39 40 63 64 65 66 167 
9 9 9 10 37 38 39 40 41 42 167 
9 9 7 8 9 10 33 34 35 37 167 
9 9 31 32 33 34 35 36 63 64 167 
9 9 44 46 47 48 71 72 73 74 167 
9 9 17 18 45 46 47 48 49 50 167 
9 9 15 16 17 18 41 42 43 45 167 
9 9 39 40 41 42 43 44 71 72 167 
9 9 23 24 25 26 49 50 51 53 167 
9 9 47 48 49 50 51 52 79 80 167 
9 9 57 58 83 84 85 86 87 88 167 
9 9 90 92 93 94 111 112 113 114 167 
9 9 65 66 91 92 93 94 95 96 167 
9 9 63 64 65 66 87 88 89 91 167 
9 9 85 86 87 88 89 90 111 112 167 
9 9 98 100 101 102 119 120 121 122 167 
9 9 73 74 99 100 101 102 103 104 167 
9 9 71 72 73 74 95 96 97 99 167 
9 9 93 94 95 96 97 98 119 120 167 
9 9 79 80 81 82 103 104 105 107 167 
9 9 101 102 103 104 105 106 127 128 167 
9 9 113 114 131 132 133 134 135 136 167 
9 9 138 140 141 142 151 152 153 154 167 
9 9 121 122 139 140 141 142 143 144 167 
9 9 119 120 121 122 135 136 137 139 167 
9 9 133 134 135 136 137 138 151 152 167 
9 9 127 128 129 130 143 144 145 147 167 
9 9 141 142 143 144 145 146 159 160 167 
9 9 4 6 7 8 9 10 11 12 168 
9 9 3 4 31 32 33 34 59 61 168 
9 9 12 14 15 16 17 18 19 20 168 
9 9 5 6 7 8 9 10 11 13 168 
9 9 11 12 39 40 41 42 67 69 168 
9 9 13 14 15 16 17 18 19 21 168 
9 9 19 20 47 48 49 50 75 77 168 
9 9 60 62 63 64 65 66 67 68 168 
9 9 4 6 31 32 33 34 61 62 168 
9 9 68 70 71 72 73 74 75 76 168 
9 9 12 14 39 40 41 42 69 70 168 
9 9 61 62 63 64 65 66 67 69 168 
9 9 67 68 93 94 95 96 115 117 168 
9 9 20 22 47 48 49 50 77 78 168 
9 9 69 70 71 72 73 74 75 77 168 
9 9 75 76 101 102 103 104 123 125 168 
9 9 60 62 85 86 87 88 109 110 168 
9 9 116 118 119 120 121 122 123 124 168 
9 9 68 70 93 94 95 96 117 118 168 
9 9 109 110 111 112 113 114 115 117 168 
9 9 76 78 101 102 103 104 125 126 168 
9 9 117 118 119 120 121 122 123 125 168 
9 9 123 124 141 142 143 144 155 157 168 
9 9 116 118 133 134 135 136 149 150 168 
9 9 124 126 141 142 143 144 157 158 168 
9 9 149 150 151 152 153 154 155 157 168 
9 9 28 30 55 56 57 58 83 84 168 
9 9 29 30 31 32 33 34 35 37 168 
9 9 36 38 63 64 65 66 91 92 168 
9 9 37 38 39 40 41 42 43 45 168 
9 9 28 30 31 32 33 34 35 36 168 
9 9 44 46 71 72 73 74 99 100 168 
9 9 45 46 47 48 49 50 51 53 168 
9 9 36 38 39 40 41 42 43 44 168 
9 9 52 54 79 80 81 82 107 108 168 
9 9 44 46 47 48 49 50 51 52 168 
9 9 83 84 85 86 87 88 89 91 168 
9 9 90 92 111 112 113 114 131 132 168 
9 9 91 92 93 94 95 96 97 99 168 
9 9 35 36 63 64 65 66 89 91 168 
9 9 98 100 119 120 121 122 139 140 168 
9 9 99 100 101 102 103 104 105 107 168 
9 9 43 44 71 72 73 74 97 99 168 
9 9 90 92 93 94 95 96 97 98 168 
9 9 106 108 127 128 129 130 147 148 168 
9 9 51 52 79 80 81 82 105 107 168 
9 9 98 100 101 102 103 104 105 106 168 
9 9 131 132 133 134 135 136 137 139 168 
9 9 139 140 141 142 143 144 145 147 168 
9 9 97 98 119 120 121 122 137 139 168 
9 9 105 106 127 128 129 130 145 147 168 
9 9 138 140 141 142 143 144 145 146 168 
9 9 4 6 9 10 33 34 35 37 169 
9 9 1 2 3 4 29 30 31 32 169 
9 9 12 14 17 18 41 42 43 45 169 
9 9 9 10 11 12 37 38 39 40 169 
9 9 20 22 25 26 49 50 51 53 169 
9 9 17 18 19 20 45 46 47 48 169 
9 9 60 62 65 66 87 88 89 91 169 
9 9 33 34 35 36 61 62 63 64 169 
9 9 28 30 31 32 55 56 59 61 169 
9 9 57 58 59 60 83 84 85 86 169 
9 9 68 70 73 74 95 96 97 99 169 
9 9 41 42 43 44 69 70 71 72 169 
9 9 36 38 39 40 63 64 67 69 169 
9 9 65 66 67 68 91 92 93 94 169 
9 9 76 78 81 82 103 104 105 107 169 
9 9 49 50 51 52 77 78 79 80 169 
9 9 44 46 47 48 71 72 75 77 169 
9 9 73 74 75 76 99 100 101 102 169 
9 9 87 88 89 90 109 110 111 112 169 
9 9 116 118 121 122 135 136 137 139 169 
9 9 95 96 97 98 117 118 119 120 169 
9 9 90 92 93 94 111 112 115 117 169 
9 9 113 114 115 116 131 132 133 134 169 
9 9 124 126 129 130 143 144 145 147 169 
9 9 103 104 105 106 125 126 127 128 169 
9 9 98 100 101 102 119 120 123 125 169 
9 9 121 122 123 124 139 140 141 142 169 
9 9 135 136 137 138 149 150 151 152 169 
9 9 143 144 145 146 157 158 159 160 169 
9 9 138 140 141 142 151 152 155 157 169 
9 9 28 30 31 32 57 58 59 61 169 
9 9 1 2 3 4 29 30 33 34 169 
9 9 36 38 39 40 65 66 67 69 169 
9 9 9 10 11 12 37 38 41 42 169 
9 9 4 6 7 8 33 34 35 37 169 
9 9 31 32 35 36 61 62 63 64 169 
9 9 44 46 47 48 73 74 75 77 169 
9 9 17 18 19 20 45 46 49 50 169 
9 9 12 14 15 16 41 42 43 45 169 
9 9 39 40 43 44 69 70 71 72 169 
9 9 20 22 23 24 49 50 51 53 169 
9 9 47 48 51 52 77 78 79 80 169 
9 9 57 58 59 60 83 84 87 88 169 
9 9 90 92 93 94 113 114 115 117 169 
9 9 65 66 67 68 91 92 95 96 169 
9 9 60 62 63 64 87 88 89 91 169 
9 9 85 86 89 90 109 110 111 112 169 
9 9 98 100 101 102 121 122 123 125 169 
9 9 73 74 75 76 99 100 103 104 169 
9 9 68 70 71 72 95 96 97 99 169 
9 9 93 94 97 98 117 118 119 120 169 
9 9 76 78 79 80 103 104 105 107 169 
9 9 101 102 105 106 125 126 127 128 169 
9 9 113 114 115 116 131 132 135 136 169 
9 9 138 140 141 142 153 154 155 157 169 
9 9 121 122 123 124 139 140 143 144 169 
9 9 116 118 119 120 135 136 137 139 169 
9 9 133 134 137 138 149 150 151 152 169 
9 9 124 126 127 128 143 144 145 147 169 
9 9 141 142 145 146 157 158 159 160 169 
9 9 3 4 31 32 33 34 35 37 170 
9 9 7 8 9 10 11 13 37 38 170 
9 9 11 12 39 40 41 42 43 45 170 
9 9 15 16 17 18 19 21 45 46 170 
9 9 19 20 47 48 49 50 51 53 170 
9 9 35 36 60 62 63 64 65 66 170 
9 9 28 30 31 32 33 34 61 62 170 
9 9 55 56 57 58 59 61 83 84 170 
9 9 59 60 85 86 87 88 89 91 170 
9 9 43 44 68 70 71 72 73 74 170 
9 9 36 38 39 40 41 42 69 70 170 
9 9 63 64 65 66 67 69 91 92 170 
9 9 67 68 93 94 95 96 97 99 170 
9 9 51 52 76 78 79 80 81 82 170 
9 9 44 46 47 48 49 50 77 78 170 
9 9 71 72 73 74 75 77 99 100 170 
9 9 75 76 101 102 103 104 105 107 170 
9 9 97 98 116 118 119 120 121 122 170 
9 9 90 92 93 94 95 96 117 118 170 
9 9 111 112 113 114 115 117 131 132 170 
9 9 115 116 133 134 135 136 137 139 170 
9 9 105 106 124 126 127 128 129 130 170 
9 9 98 100 101 102 103 104 125 126 170 
9 9 119 120 121 122 123 125 139 140 170 
9 9 123 124 141 142 143 144 145 147 170 
9 9 138 140 141 142 143 144 157 158 170 
9 9 29 30 31 32 33 34 59 61 170 
9 9 36 38 61 62 63 64 65 66 170 
9 9 37 38 39 40 41 42 67 69 170 
9 9 7 8 9 10 11 12 35 37 170 
9 9 4 6 31 32 33 34 35 36 170 
9 9 44 46 69 70 71 72 73 74 170 
9 9 45 46 47 48 49 50 75 77 170 
9 9 15 16 17 18 19 20 43 45 170 
9 9 12 14 39 40 41 42 43 44 170 
9 9 52 54 77 78 79 80 81 82 170 
9 9 20 22 47 48 49 50 51 52 170 
9 9 90 92 109 110 111 112 113 114 170 
9 9 91 92 93 94 95 96 115 117 170 
9 9 63 64 65 66 67 68 89 91 170 
9 9 60 62 85 86 87 88 89 90 170 
9 9 98 100 117 118 119 120 121 122 170 
9 9 99 100 101 102 103 104 123 125 170 
9 9 71 72 73 74 75 76 97 99 170 
9 9 68 70 93 94 95 96 97 98 170 
9 9 106 108 125 126 127 128 129 130 170 
9 9 76 78 101 102 103 104 105 106 170 
9 9 138 140 149 150 151 152 153 154 170 
9 9 139 140 141 142 143 144 155 157 170 
9 9 119 120 121 122 123 124 137 139 170 
9 9 116 118 133 134 135 136 137 138 170 
9 9 124 126 141 142 143 144 145 146 170 
9 9 4 6 7 8 33 34 35 36 171 
9 9 1 2 3 4 27 29 33 34 171 
9 9 12 14 15 16 41 42 43 44 171 
9 9 9 10 11 12 35 37 41 42 171 
9 9 20 22 23 24 49 50 51 52 171 
9 9 17 18 19 20 43 45 49 50 171 
9 9 60 62 63 64 87 88 89 90 171 
9 9 31 32 36 38 61 62 63 64 171 
9 9 29 30 31 32 57 58 59 61 171 
9 9 68 70 71 72 95 96 97 98 171 
9 9 39 40 44 46 69 70 71 72 171 
9 9 37 38 39 40 65 66 67 69 171 
9 9 65 66 67 68 89 91 95 96 171 
9 9 76 78 79 80 103 104 105 106 171 
9 9 47 48 52 54 77 78 79 80 171 
9 9 45 46 47 48 73 74 75 77 171 
9 9 73 74 75 76 97 99 103 104 171 
9 9 85 86 90 92 109 110 111 112 171 
9 9 116 118 119 120 135 136 137 138 171 
9 9 93 94 98 100 117 118 119 120 171 
9 9 91 92 93 94 113 114 115 117 171 
9 9 124 126 127 128 143 144 145 146 171 
9 9 101 102 106 108 125 126 127 128 171 
9 9 99 100 101 102 121 122 123 125 171 
9 9 121 122 123 124 137 139 143 144 171 
9 9 133 134 138 140 149 150 151 152 171 
9 9 141 142 146 148 157 158 159 160 171 
9 9 139 140 141 142 153 154 155 157 171 
9 9 28 30 31 32 55 56 61 62 171 
9 9 1 2 3 5 29 30 31 32 171 
9 9 36 38 39 40 63 64 69 70 171 
9 9 9 10 11 13 37 38 39 40 171 
9 9 3 4 9 10 33 34 35 37 171 
9 9 33 34 35 36 60 62 63 64 171 
9 9 44 46 47 48 71 72 77 78 171 
9 9 17 18 19 21 45 46 47 48 171 
9 9 11 12 17 18 41 42 43 45 171 
9 9 41 42 43 44 68 70 71 72 171 
9 9 19 20 25 26 49 50 51 53 171 
9 9 49 50 51 52 76 78 79 80 171 
9 9 57 58 59 61 83 84 85 86 171 
9 9 90 92 93 94 111 112 117 118 171 
9 9 65 66 67 69 91 92 93 94 171 
9 9 59 60 65 66 87 88 89 91 171 
9 9 98 100 101 102 119 120 125 126 171 
9 9 73 74 75 77 99 100 101 102 171 
9 9 67 68 73 74 95 96 97 99 171 
9 9 95 96 97 98 116 118 119 120 171 
9 9 75 76 81 82 103 104 105 107 171 
9 9 103 104 105 106 124 126 127 128 171 
9 9 113 114 115 117 131 132 133 134 171 
9 9 138 140 141 142 151 152 157 158 171 
9 9 121 122 123 125 139 140 141 142 171 
9 9 115 116 121 122 135 136 137 139 171 
9 9 123 124 129 130 143 144 145 147 171 
9 9 143 144 145 146 156 158 159 160 171 
9 9 3 4 5 6 7 8 9 10 172 
9 9 3 4 5 6 31 32 33 34 172 
9 9 11 12 13 14 15 16 17 18 172 
9 9 7 8 9 10 11 12 13 14 172 
9 9 11 12 13 14 39 40 41 42 172 
9 9 19 20 21 22 23 24 25 26 172 
9 9 15 16 17 18 19 20 21 22 172 
9 9 19 20 21 22 47 48 49 50 172 
9 9 59 60 61 62 63 64 65 66 172 
9 9 31 32 33 34 59 60 61 62 172 
9 9 55 56 57 58 59 60 61 62 172 
9 9 59 60 61 62 85 86 87 88 172 
9 9 67 68 69 70 71 72 73 74 172 
9 9 39 40 41 42 67 68 69 70 172 
9 9 63 64 65 66 67 68 69 70 172 
9 9 67 68 69 70 93 94 95 96 172 
9 9 75 76 77 78 79 80 81 82 172 
9 9 47 48 49 50 75 76 77 78 172 
9 9 71 72 73 74 75 76 77 78 172 
9 9 75 76 77 78 101 102 103 104 172 
9 9 115 116 117 118 119 120 121 122 172 
9 9 93 94 95 96 115 116 117 118 172 
9 9 111 112 113 114 115 116 117 118 172 
9 9 115 116 117 118 133 134 135 136 172 
9 9 123 124 125 126 127 128 129 130 172 
9 9 101 102 103 104 123 124 125 126 172 
9 9 119 120 121 122 123 124 125 126 172 
9 9 123 124 125 126 141 142 143 144 172 
9 9 141 142 143 144 155 156 157 158 172 
9 9 151 152 153 154 155 156 157 158 172 
9 9 27 28 29 30 55 56 57 58 172 
9 9 27 28 29 30 31 32 33 34 172 
9 9 35 36 37 38 63 64 65 66 172 
9 9 35 36 37 38 39 40 41 42 172 
9 9 7 8 9 10 35 36 37 38 172 
9 9 31 32 33 34 35 36 37 38 172 
9 9 43 44 45 46 71 72 73 74 172 
9 9 43 44 45 46 47 48 49 50 172 
9 9 15 16 17 18 43 44 45 46 172 
9 9 39 40 41 42 43 44 45 46 172 
9 9 51 52 53 54 79 80 81 82 172 
9 9 23 24 25 26 51 52 53 54 172 
9 9 47 48 49 50 51 52 53 54 172 
9 9 89 90 91 92 111 112 113 114 172 
9 9 89 90 91 92 93 94 95 96 172 
9 9 63 64 65 66 89 90 91 92 172 
9 9 85 86 87 88 89 90 91 92 172 
9 9 97 98 99 100 119 120 121 122 172 
9 9 97 98 99 100 101 102 103 104 172 
9 9 71 72 73 74 97 98 99 100 172 
9 9 93 94 95 96 97 98 99 100 172 
9 9 105 106 107 108 127 128 129 130 172 
9 9 79 80 81 82 105 106 107 108 172 
9 9 101 102 103 104 105 106 107 108 172 
9 9 137 138 139 140 151 152 153 154 172 
9 9 137 138 139 140 141 142 143 144 172 
9 9 119 120 121 122 137 138 139 140 172 
9 9 133 134 135 136 137 138 139 140 172 
9 9 127 128 129 130 145 146 147 148 172 
9 9 141 142 143 144 145 146 147 148 172 
9 9 3 4 33 34 35 36 63 64 173 
9 9 9 10 11 13 33 34 35 37 173 
9 9 11 12 41 42 43 44 71 72 173 
9 9 17 18 19 21 41 42 43 45 173 
9 9 19 20 49 50 51 52 79 80 173 
9 9 36 38 39 40 60 62 63 64 173 
9 9 1 2 29 30 31 32 61 62 173 
9 9 59 60 87 88 89 90 111 112 173 
9 9 44 46 47 48 68 70 71 72 173 
9 9 9 10 37 38 39 40 69 70 173 
9 9 65 66 67 69 87 88 89 91 173 
9 9 67 68 95 96 97 98 119 120 173 
9 9 17 18 45 46 47 48 77 78 173 
9 9 73 74 75 77 95 96 97 99 173 
9 9 75 76 103 104 105 106 127 128 173 
9 9 57 58 83 84 85 86 109 110 173 
9 9 98 100 101 102 116 118 119 120 173 
9 9 65 66 91 92 93 94 117 118 173 
9 9 115 116 135 136 137 138 151 152 173 
9 9 73 74 99 100 101 102 125 126 173 
9 9 121 122 123 125 135 136 137 139 173 
9 9 123 124 143 144 145 146 159 160 173 
9 9 113 114 131 132 133 134 149 150 173 
9 9 121 122 139 140 141 142 157 158 173 
9 9 29 30 31 32 61 62 63 64 173 
9 9 36 38 60 62 63 64 87 88 173 
9 9 37 38 39 40 69 70 71 72 173 
9 9 1 2 3 4 33 34 35 36 173 
9 9 44 46 68 70 71 72 95 96 173 
9 9 45 46 47 48 77 78 79 80 173 
9 9 9 10 11 12 41 42 43 44 173 
9 9 52 54 76 78 79 80 103 104 173 
9 9 17 18 19 20 49 50 51 52 173 
9 9 83 84 85 86 109 110 111 112 173 
9 9 91 92 93 94 117 118 119 120 173 
9 9 39 40 65 66 89 91 115 117 173 
9 9 57 58 59 60 87 88 89 90 173 
9 9 98 100 116 118 119 120 135 136 173 
9 9 99 100 101 102 125 126 127 128 173 
9 9 47 48 73 74 97 99 123 125 173 
9 9 65 66 67 68 95 96 97 98 173 
9 9 106 108 124 126 127 128 143 144 173 
9 9 73 74 75 76 103 104 105 106 173 
9 9 131 132 133 134 149 150 151 152 173 
9 9 139 140 141 142 157 158 159 160 173 
9 9 101 102 121 122 137 139 155 157 173 
9 9 113 114 115 116 135 136 137 138 173 
9 9 121 122 123 124 143 144 145 146 173 
9 9 4 6 31 32 33 34 59 61 174 
9 9 5 6 7 8 9 10 11 12 174 
9 9 12 14 39 40 41 42 67 69 174 
9 9 13 14 15 16 17 18 19 20 174 
9 9 5 6 7 8 9 10 11 12 174 
9 9 20 22 47 48 49 50 75 77 174 
9 9 13 14 15 16 17 18 19 20 174 
9 9 61 62 63 64 65 66 67 68 174 
9 9 4 6 31 32 33 34 59 61 174 
9 9 68 70 93 94 95 96 115 117 174 
9 9 69 70 71 72 73 74 75 76 174 
9 9 12 14 39 40 41 42 67 69 174 
9 9 61 62 63 64 65 66 67 68 174 
9 9 76 78 101 102 103 104 123 125 174 
9 9 20 22 47 48 49 50 75 77 174 
9 9 69 70 71 72 73 74 75 76 174 
9 9 109 110 111 112 113 114 115 116 174 
9 9 117 118 119 120 121 122 123 124 174 
9 9 68 70 93 94 95 96 115 117 174 
9 9 109 110 111 112 113 114 115 116 174 
9 9 124 126 141 142 143 144 155 157 174 
9 9 76 78 101 102 103 104 123 125 174 
9 9 117 118 119 120 121 122 123 124 174 
9 9 149 150 151 152 153 154 155 156 174 
9 9 124 126 141 142 143 144 155 157 174 
9 9 149 150 151 152 153 154 155 156 174 
9 9 28 30 31 32 33 34 35 37 174 
9 9 27 28 55 56 57 58 83 84 174 
9 9 36 38 39 40 41 42 43 45 174 
9 9 28 30 31 32 33 34 35 37 174 
9 9 35 36 63 64 65 66 91 92 174 
9 9 44 46 47 48 49 50 51 53 174 
9 9 36 38 39 40 41 42 43 45 174 
9 9 43 44 71 72 73 74 99 100 174 
9 9 44 46 47 48 49 50 51 53 174 
9 9 51 52 79 80 81 82 107 108 174 
9 9 27 28 55 56 57 58 83 84 174 
9 9 90 92 93 94 95 96 97 99 174 
9 9 35 36 63 64 65 66 91 92 174 
9 9 89 90 111 112 113 114 131 132 174 
9 9 98 100 101 102 103 104 105 107 174 
9 9 43 44 71 72 73 74 99 100 174 
9 9 90 92 93 94 95 96 97 99 174 
9 9 97 98 119 120 121 122 139 140 174 
9 9 51 52 79 80 81 82 107 108 174 
9 9 98 100 101 102 103 104 105 107 174 
9 9 105 106 127 128 129 130 147 148 174 
9 9 89 90 111 112 113 114 131 132 174 
9 9 138 140 141 142 143 144 145 147 174 
9 9 97 98 119 120 121 122 139 140 174 
9 9 105 106 127 128 129 130 147 148 174 
9 9 138 140 141 142 143 144 145 147 174 
9 9 4 6 33 34 35 36 71 72 175 
9 9 12 14 41 42 43 44 79 80 175 
9 9 9 10 11 12 33 34 35 37 175 
9 9 17 18 19 20 41 42 43 45 175 
9 9 60 62 87 88 89 90 119 120 175 
9 9 36 38 39 40 61 62 63 64 175 
9 9 1 2 29 30 31 32 59 61 175 
9 9 68 70 95 96 97 98 127 128 175 
9 9 44 46 47 48 69 70 71 72 175 
9 9 9 10 37 38 39 40 67 69 175 
9 9 65 66 67 68 87 88 89 91 175 
9 9 17 18 45 46 47 48 75 77 175 
9 9 73 74 75 76 95 96 97 99 175 
9 9 90 92 93 94 109 110 111 112 175 
9 9 116 118 135 136 137 138 159 160 175 
9 9 98 100 101 102 117 118 119 120 175 
9 9 65 66 91 92 93 94 115 117 175 
9 9 73 74 99 100 101 102 123 125 175 
9 9 121 122 123 124 135 136 137 139 175 
9 9 138 140 141 142 149 150 151 152 175 
9 9 121 122 139 140 141 142 155 157 175 
9 9 28 30 31 32 61 62 63 64 175 
9 9 36 38 39 40 69 70 71 72 175 
9 9 1 2 3 4 33 34 35 37 175 
9 9 35 36 60 62 63 64 87 88 175 
9 9 44 46 47 48 77 78 79 80 175 
9 9 9 10 11 12 41 42 43 45 175 
9 9 43 44 68 70 71 72 95 96 175 
9 9 17 18 19 20 49 50 51 53 175 
9 9 51 52 76 78 79 80 103 104 175 
9 9 31 32 57 58 59 61 83 84 175 
9 9 90 92 93 94 117 118 119 120 175 
9 9 39 40 65 66 67 69 91 92 175 
9 9 57 58 59 60 87 88 89 91 175 
9 9 98 100 101 102 125 126 127 128 175 
9 9 47 48 73 74 75 77 99 100 175 
9 9 65 66 67 68 95 96 97 99 175 
9 9 97 98 116 118 119 120 135 136 175 
9 9 73 74 75 76 103 104 105 107 175 
9 9 105 106 124 126 127 128 143 144 175 
9 9 93 94 113 114 115 117 131 132 175 
9 9 138 140 141 142 157 158 159 160 175 
9 9 101 102 121 122 123 125 139 140 175 
9 9 113 114 115 116 135 136 137 139 175 
9 9 121 122 123 124 143 144 145 147 175 
9 9 1 2 3 4 5 6 33 34 176 
9 9 3 4 5 6 7 8 33 34 176 
9 9 9 10 11 12 13 14 41 42 176 
9 9 11 12 13 14 15 16 41 42 176 
9 9 17 18 19 20 21 22 49 50 176 
9 9 19 20 21 22 23 24 49 50 176 
9 9 57 58 59 60 61 62 87 88 176 
9 9 59 60 61 62 63 64 87 88 176 
9 9 31 32 59 60 61 62 63 64 176 
9 9 31 32 57 58 59 60 61 62 176 
9 9 65 66 67 68 69 70 95 96 176 
9 9 67 68 69 70 71 72 95 96 176 
9 9 39 40 67 68 69 70 71 72 176 
9 9 39 40 65 66 67 68 69 70 176 
9 9 73 74 75 76 77 78 103 104 176 
9 9 75 76 77 78 79 80 103 104 176 
9 9 47 48 75 76 77 78 79 80 176 
9 9 47 48 73 74 75 76 77 78 176 
9 9 113 114 115 116 117 118 135 136 176 
9 9 115 116 117 118 119 120 135 136 176 
9 9 93 94 115 116 117 118 119 120 176 
9 9 93 94 113 114 115 116 117 118 176 
9 9 121 122 123 124 125 126 143 144 176 
9 9 123 124 125 126 127 128 143 144 176 
9 9 101 102 123 124 125 126 127 128 176 
9 9 101 102 121 122 123 124 125 126 176 
9 9 141 142 155 156 157 158 159 160 176 
9 9 141 142 153 154 155 156 157 158 176 
9 9 1 2 27 28 29 30 31 32 176 
9 9 27 28 29 30 31 32 55 56 176 
9 9 9 10 35 36 37 38 39 40 176 
9 9 9 10 33 34 35 36 37 38 176 
9 9 33 34 35 36 37 38 63 64 176 
9 9 35 36 37 38 39 40 63 64 176 
9 9 17 18 43 44 45 46 47 48 176 
9 9 17 18 41 42 43 44 45 46 176 
9 9 41 42 43 44 45 46 71 72 176 
9 9 43 44 45 46 47 48 71 72 176 
9 9 25 26 49 50 51 52 53 54 176 
9 9 49 50 51 52 53 54 79 80 176 
9 9 65 66 89 90 91 92 93 94 176 
9 9 65 66 87 88 89 90 91 92 176 
9 9 87 88 89 90 91 92 111 112 176 
9 9 89 90 91 92 93 94 111 112 176 
9 9 73 74 97 98 99 100 101 102 176 
9 9 73 74 95 96 97 98 99 100 176 
9 9 95 96 97 98 99 100 119 120 176 
9 9 97 98 99 100 101 102 119 120 176 
9 9 81 82 103 104 105 106 107 108 176 
9 9 103 104 105 106 107 108 127 128 176 
9 9 121 122 137 138 139 140 141 142 176 
9 9 121 122 135 136 137 138 139 140 176 
9 9 135 136 137 138 139 140 151 152 176 
9 9 137 138 139 140 141 142 151 152 176 
9 9 129 130 143 144 145 146 147 148 176 
9 9 143 144 145 146 147 148 159 160 176 
9 9 1 2 3 5 27 28 29 30 177 
9 9 3 4 33 34 35 36 37 38 177 
9 9 9 10 11 13 35 36 37 38 177 
9 9 11 12 41 42 43 44 45 46 177 
9 9 17 18 19 21 43 44 45 46 177 
9 9 19 20 49 50 51 52 53 54 177 
9 9 35 36 37 38 60 62 63 64 177 
9 9 27 28 29 30 31 32 61 62 177 
9 9 59 60 87 88 89 90 91 92 177 
9 9 43 44 45 46 68 70 71 72 177 
9 9 35 36 37 38 39 40 69 70 177 
9 9 65 66 67 69 89 90 91 92 177 
9 9 67 68 95 96 97 98 99 100 177 
9 9 51 52 53 54 76 78 79 80 177 
9 9 43 44 45 46 47 48 77 78 177 
9 9 73 74 75 77 97 98 99 100 177 
9 9 75 76 103 104 105 106 107 108 177 
9 9 97 98 99 100 116 118 119 120 177 
9 9 89 90 91 92 93 94 117 118 177 
9 9 115 116 135 136 137 138 139 140 177 
9 9 105 106 107 108 124 126 127 128 177 
9 9 97 98 99 100 101 102 125 126 177 
9 9 121 122 123 125 137 138 139 140 177 
9 9 123 124 143 144 145 146 147 148 177 
9 9 145 146 147 148 156 158 159 160 177 
9 9 137 138 139 140 141 142 157 158 177 
9 9 29 30 31 32 59 60 61 62 177 
9 9 1 2 3 4 5 6 27 29 177 
9 9 36 38 59 60 61 62 63 64 177 
9 9 37 38 39 40 67 68 69 70 177 
9 9 9 10 11 12 13 14 35 37 177 
9 9 3 4 5 6 33 34 35 36 177 
9 9 44 46 67 68 69 70 71 72 177 
9 9 45 46 47 48 75 76 77 78 177 
9 9 17 18 19 20 21 22 43 45 177 
9 9 11 12 13 14 41 42 43 44 177 
9 9 52 54 75 76 77 78 79 80 177 
9 9 19 20 21 22 49 50 51 52 177 
9 9 91 92 93 94 115 116 117 118 177 
9 9 65 66 67 68 69 70 89 91 177 
9 9 59 60 61 62 87 88 89 90 177 
9 9 98 100 115 116 117 118 119 120 177 
9 9 99 100 101 102 123 124 125 126 177 
9 9 73 74 75 76 77 78 97 99 177 
9 9 67 68 69 70 95 96 97 98 177 
9 9 106 108 123 124 125 126 127 128 177 
9 9 75 76 77 78 103 104 105 106 177 
9 9 139 140 141 142 155 156 157 158 177 
9 9 121 122 123 124 125 126 137 139 177 
9 9 115 116 117 118 135 136 137 138 177 
9 9 146 148 155 156 157 158 159 160 177 
9 9 123 124 125 126 143 144 145 146 177 
9 9 4 6 33 34 35 36 37 38 178 
9 9 1 2 3 4 27 28 29 30 178 
9 9 12 14 41 42 43 44 45 46 178 
9 9 9 10 11 12 35 36 37 38 178 
9 9 20 22 49 50 51 52 53 54 178 
9 9 17 18 19 20 43 44 45 46 178 
9 9 60 62 87 88 89 90 91 92 178 
9 9 35 36 37 38 61 62 63 64 178 
9 9 27 28 29 30 31 32 59 61 178 
9 9 68 70 95 96 97 98 99 100 178 
9 9 43 44 45 46 69 70 71 72 178 
9 9 35 36 37 38 39 40 67 69 178 
9 9 65 66 67 68 89 90 91 92 178 
9 9 76 78 103 104 105 106 107 108 178 
9 9 51 52 53 54 77 78 79 80 178 
9 9 43 44 45 46 47 48 75 77 178 
9 9 73 74 75 76 97 98 99 100 178 
9 9 89 90 91 92 109 110 111 112 178 
9 9 116 118 135 136 137 138 139 140 178 
9 9 97 98 99 100 117 118 119 120 178 
9 9 89 90 91 92 93 94 115 117 178 
9 9 124 126 143 144 145 146 147 148 178 
9 9 105 106 107 108 125 126 127 128 178 
9 9 97 98 99 100 101 102 123 125 178 
9 9 121 122 123 124 137 138 139 140 178 
9 9 137 138 139 140 149 150 151 152 178 
9 9 145 146 147 148 157 158 159 160 178 
9 9 137 138 139 140 141 142 155 157 178 
9 9 28 30 31 32 59 60 61 62 178 
9 9 1 2 3 4 29 30 37 38 178 
9 9 36 38 39 40 67 68 69 70 178 
9 9 9 10 11 12 37 38 45 46 178 
9 9 3 4 5 6 33 34 35 37 178 
9 9 35 36 59 60 61 62 63 64 178 
9 9 44 46 47 48 75 76 77 78 178 
9 9 17 18 19 20 45 46 53 54 178 
9 9 11 12 13 14 41 42 43 45 178 
9 9 43 44 67 68 69 70 71 72 178 
9 9 19 20 21 22 49 50 51 53 178 
9 9 51 52 75 76 77 78 79 80 178 
9 9 57 58 59 60 83 84 91 92 178 
9 9 90 92 93 94 115 116 117 118 178 
9 9 65 66 67 68 91 92 99 100 178 
9 9 59 60 61 62 87 88 89 91 178 
9 9 98 100 101 102 123 124 125 126 178 
9 9 73 74 75 76 99 100 107 108 178 
9 9 67 68 69 70 95 96 97 99 178 
9 9 97 98 115 116 117 118 119 120 178 
9 9 75 76 77 78 103 104 105 107 178 
9 9 105 106 123 124 125 126 127 128 178 
9 9 113 114 115 116 131 132 139 140 178 
9 9 138 140 141 142 155 156 157 158 178 
9 9 121 122 123 124 139 140 147 148 178 
9 9 115 116 117 118 135 136 137 139 178 
9 9 123 124 125 126 143 144 145 147 178 
9 9 145 146 155 156 157 158 159 160 178 
9 9 4 6 7 8 9 10 11 13 179 
9 9 12 14 15 16 17 18 19 21 179 
9 9 60 62 63 64 65 66 67 69 179 
9 9 3 4 31 32 33 34 61 62 179 
9 9 68 70 71 72 73 74 75 77 179 
9 9 11 12 39 40 41 42 69 70 179 
9 9 19 20 47 48 49 50 77 78 179 
9 9 59 60 85 86 87 88 109 110 179 
9 9 116 118 119 120 121 122 123 125 179 
9 9 67 68 93 94 95 96 117 118 179 
9 9 75 76 101 102 103 104 125 126 179 
9 9 115 116 133 134 135 136 149 150 179 
9 9 123 124 141 142 143 144 157 158 179 
9 9 29 30 31 32 33 34 35 36 179 
9 9 36 38 63 64 65 66 89 91 179 
9 9 37 38 39 40 41 42 43 44 179 
9 9 44 46 71 72 73 74 97 99 179 
9 9 45 46 47 48 49 50 51 52 179 
9 9 52 54 79 80 81 82 105 107 179 
9 9 83 84 85 86 87 88 89 90 179 
9 9 91 92 93 94 95 96 97 98 179 
9 9 98 100 119 120 121 122 137 139 179 
9 9 99 100 101 102 103 104 105 106 179 
9 9 106 108 127 128 129 130 145 147 179 
9 9 131 132 133 134 135 136 137 138 179 
9 9 139 140 141 142 143 144 145 146 179 
9 9 1 2 3 4 5 6 7 8 180 
9 9 9 10 11 12 13 14 15 16 180 
9 9 17 18 19 20 21 22 23 24 180 
9 9 57 58 59 60 61 62 63 64 180 
9 9 31 32 59 60 61 62 87 88 180 
9 9 65 66 67 68 69 70 71 72 180 
9 9 39 40 67 68 69 70 95 96 180 
9 9 73 74 75 76 77 78 79 80 180 
9 9 47 48 75 76 77 78 103 104 180 
9 9 113 114 115 116 117 118 119 120 180 
9 9 93 94 115 116 117 118 135 136 180 
9 9 121 122 123 124 125 126 127 128 180 
9 9 101 102 123 124 125 126 143 144 180 
9 9 153 154 155 156 157 158 159 160 180 
9 9 1 2 27 28 29 30 55 56 180 
9 9 9 10 35 36 37 38 63 64 180 
9 9 33 34 35 36 37 38 39 40 180 
9 9 17 18 43 44 45 46 71 72 180 
9 9 41 42 43 44 45 46 47 48 180 
9 9 25 26 51 52 53 54 79 80 180 
9 9 65 66 89 90 91 92 111 112 180 
9 9 87 88 89 90 91 92 93 94 180 
9 9 73 74 97 98 99 100 119 120 180 
9 9 95 96 97 98 99 100 101 102 180 
9 9 81 82 105 106 107 108 127 128 180 
9 9 121 122 137 138 139 140 151 152 180 
9 9 135 136 137 138 139 140 141 142 180 
9 9 129 130 145 146 147 148 159 160 180 
