60 2464
6 6 41 42 43 44 48 51 
6 6 31 32 33 34 38 51 
6 6 36 37 38 39 44 51 
6 6 42 43 44 45 49 51 
6 6 21 22 23 24 28 51 
6 6 26 27 28 29 34 51 
6 6 32 33 34 35 39 51 
6 6 37 38 39 40 45 51 
6 6 11 12 13 14 18 51 
6 6 16 17 18 19 24 51 
6 6 22 23 24 25 29 51 
6 6 27 28 29 30 35 51 
6 6 1 2 3 4 8 51 
6 6 6 7 8 9 14 51 
6 6 12 13 14 15 19 51 
6 6 17 18 19 20 25 51 
6 6 2 3 4 5 9 51 
6 6 7 8 9 10 15 51 
6 6 31 36 42 46 47 51 
6 6 21 26 32 36 37 51 
6 6 26 32 37 42 43 51 
6 6 32 37 43 47 48 51 
6 6 11 16 22 26 27 51 
6 6 16 22 27 32 33 51 
6 6 22 27 33 37 38 51 
6 6 27 33 38 43 44 51 
6 6 33 38 44 48 49 51 
6 6 1 6 12 16 17 51 
6 6 6 12 17 22 23 51 
6 6 12 17 23 27 28 51 
6 6 17 23 28 33 34 51 
6 6 23 28 34 38 39 51 
6 6 28 34 39 44 45 51 
6 6 34 39 45 49 50 51 
6 6 2 7 13 17 18 51 
6 6 7 13 18 23 24 51 
6 6 13 18 24 28 29 51 
6 6 18 24 29 34 35 51 
6 6 24 29 35 39 40 51 
6 6 3 8 14 18 19 51 
6 6 8 14 19 24 25 51 
6 6 14 19 25 29 30 51 
6 6 4 9 15 19 20 51 
6 6 36 41 42 43 44 51 
6 6 42 46 47 48 49 51 
6 6 26 31 32 33 34 51 
6 6 32 36 37 38 39 51 
6 6 37 42 43 44 45 51 
6 6 43 47 48 49 50 51 
6 6 16 21 22 23 24 51 
6 6 22 26 27 28 29 51 
6 6 27 32 33 34 35 51 
6 6 33 37 38 39 40 51 
6 6 6 11 12 13 14 51 
6 6 12 16 17 18 19 51 
6 6 17 22 23 24 25 51 
6 6 23 27 28 29 30 51 
6 6 2 6 7 8 9 51 
6 6 7 12 13 14 15 51 
6 6 13 17 18 19 20 51 
6 6 3 7 8 9 10 51 
6 6 41 42 43 44 48 51 
6 6 31 32 33 34 38 51 
6 6 36 37 38 39 44 51 
6 6 42 43 44 45 49 51 
6 6 21 22 23 24 28 51 
6 6 26 27 28 29 34 51 
6 6 32 33 34 35 39 51 
6 6 37 38 39 40 45 51 
6 6 11 12 13 14 18 51 
6 6 16 17 18 19 24 51 
6 6 22 23 24 25 29 51 
6 6 27 28 29 30 35 51 
6 6 1 2 3 4 8 51 
6 6 6 7 8 9 14 51 
6 6 12 13 14 15 19 51 
6 6 17 18 19 20 25 51 
6 6 2 3 4 5 9 51 
6 6 7 8 9 10 15 51 
6 6 31 32 36 42 47 51 
6 6 21 22 26 32 37 51 
6 6 26 27 32 37 43 51 
6 6 32 33 37 43 48 51 
6 6 11 12 16 22 27 51 
6 6 16 17 22 27 33 51 
6 6 22 23 27 33 38 51 
6 6 27 28 33 38 44 51 
6 6 33 34 38 44 49 51 
6 6 1 2 6 12 17 51 
6 6 6 7 12 17 23 51 
6 6 12 13 17 23 28 51 
6 6 17 18 23 28 34 51 
6 6 23 24 28 34 39 51 
6 6 28 29 34 39 45 51 
6 6 34 35 39 45 50 51 
6 6 2 3 7 13 18 51 
6 6 7 8 13 18 24 51 
6 6 13 14 18 24 29 51 
6 6 18 19 24 29 35 51 
6 6 24 25 29 35 40 51 
6 6 3 4 8 14 19 51 
6 6 8 9 14 19 25 51 
6 6 14 15 19 25 30 51 
6 6 4 5 9 15 20 51 
6 6 36 41 42 43 44 51 
6 6 42 46 47 48 49 51 
6 6 26 31 32 33 34 51 
6 6 32 36 37 38 39 51 
6 6 37 42 43 44 45 51 
6 6 43 47 48 49 50 51 
6 6 16 21 22 23 24 51 
6 6 22 26 27 28 29 51 
6 6 27 32 33 34 35 51 
6 6 33 37 38 39 40 51 
6 6 6 11 12 13 14 51 
6 6 12 16 17 18 19 51 
6 6 17 22 23 24 25 51 
6 6 23 27 28 29 30 51 
6 6 2 6 7 8 9 51 
6 6 7 12 13 14 15 51 
6 6 13 17 18 19 20 51 
6 6 3 7 8 9 10 51 
6 6 38 41 42 43 44 51 
6 6 44 46 47 48 49 51 
6 6 28 31 32 33 34 51 
6 6 34 36 37 38 39 51 
6 6 39 42 43 44 45 51 
6 6 45 47 48 49 50 51 
6 6 18 21 22 23 24 51 
6 6 24 26 27 28 29 51 
6 6 29 32 33 34 35 51 
6 6 35 37 38 39 40 51 
6 6 8 11 12 13 14 51 
6 6 14 16 17 18 19 51 
6 6 19 22 23 24 25 51 
6 6 25 27 28 29 30 51 
6 6 4 6 7 8 9 51 
6 6 9 12 13 14 15 51 
6 6 15 17 18 19 20 51 
6 6 5 7 8 9 10 51 
6 6 31 36 42 43 47 51 
6 6 21 26 32 33 37 51 
6 6 26 32 37 38 43 51 
6 6 32 37 43 44 48 51 
6 6 11 16 22 23 27 51 
6 6 16 22 27 28 33 51 
6 6 22 27 33 34 38 51 
6 6 27 33 38 39 44 51 
6 6 33 38 44 45 49 51 
6 6 1 6 12 13 17 51 
6 6 6 12 17 18 23 51 
6 6 12 17 23 24 28 51 
6 6 17 23 28 29 34 51 
6 6 23 28 34 35 39 51 
6 6 28 34 39 40 45 51 
6 6 2 7 13 14 18 51 
6 6 7 13 18 19 24 51 
6 6 13 18 24 25 29 51 
6 6 18 24 29 30 35 51 
6 6 3 8 14 15 19 51 
6 6 8 14 19 20 25 51 
6 6 41 42 43 44 46 51 
6 6 31 32 33 34 36 51 
6 6 36 37 38 39 42 51 
6 6 42 43 44 45 47 51 
6 6 21 22 23 24 26 51 
6 6 26 27 28 29 32 51 
6 6 32 33 34 35 37 51 
6 6 37 38 39 40 43 51 
6 6 11 12 13 14 16 51 
6 6 16 17 18 19 22 51 
6 6 22 23 24 25 27 51 
6 6 27 28 29 30 33 51 
6 6 1 2 3 4 6 51 
6 6 6 7 8 9 12 51 
6 6 12 13 14 15 17 51 
6 6 17 18 19 20 23 51 
6 6 2 3 4 5 7 51 
6 6 7 8 9 10 13 51 
6 6 38 41 42 43 44 51 
6 6 44 46 47 48 49 51 
6 6 28 31 32 33 34 51 
6 6 34 36 37 38 39 51 
6 6 39 42 43 44 45 51 
6 6 45 47 48 49 50 51 
6 6 18 21 22 23 24 51 
6 6 24 26 27 28 29 51 
6 6 29 32 33 34 35 51 
6 6 35 37 38 39 40 51 
6 6 8 11 12 13 14 51 
6 6 14 16 17 18 19 51 
6 6 19 22 23 24 25 51 
6 6 25 27 28 29 30 51 
6 6 4 6 7 8 9 51 
6 6 9 12 13 14 15 51 
6 6 15 17 18 19 20 51 
6 6 5 7 8 9 10 51 
6 6 26 31 32 37 43 51 
6 6 32 36 37 43 48 51 
6 6 16 21 22 27 33 51 
6 6 22 26 27 33 38 51 
6 6 27 32 33 38 44 51 
6 6 33 37 38 44 49 51 
6 6 6 11 12 17 23 51 
6 6 12 16 17 23 28 51 
6 6 17 22 23 28 34 51 
6 6 23 27 28 34 39 51 
6 6 28 33 34 39 45 51 
6 6 34 38 39 45 50 51 
6 6 2 6 7 13 18 51 
6 6 7 12 13 18 24 51 
6 6 13 17 18 24 29 51 
6 6 18 23 24 29 35 51 
6 6 24 28 29 35 40 51 
6 6 3 7 8 14 19 51 
6 6 8 13 14 19 25 51 
6 6 14 18 19 25 30 51 
6 6 4 8 9 15 20 51 
6 6 41 42 43 44 46 51 
6 6 31 32 33 34 36 51 
6 6 36 37 38 39 42 51 
6 6 42 43 44 45 47 51 
6 6 21 22 23 24 26 51 
6 6 26 27 28 29 32 51 
6 6 32 33 34 35 37 51 
6 6 37 38 39 40 43 51 
6 6 11 12 13 14 16 51 
6 6 16 17 18 19 22 51 
6 6 22 23 24 25 27 51 
6 6 27 28 29 30 33 51 
6 6 1 2 3 4 6 51 
6 6 6 7 8 9 12 51 
6 6 12 13 14 15 17 51 
6 6 17 18 19 20 23 51 
6 6 2 3 4 5 7 51 
6 6 7 8 9 10 13 51 
6 6 41 42 43 44 49 52 
6 6 31 32 33 34 39 52 
6 6 36 37 38 39 45 52 
6 6 42 43 44 45 50 52 
6 6 21 22 23 24 29 52 
6 6 26 27 28 29 35 52 
6 6 32 33 34 35 40 52 
6 6 11 12 13 14 19 52 
6 6 16 17 18 19 25 52 
6 6 22 23 24 25 30 52 
6 6 1 2 3 4 9 52 
6 6 6 7 8 9 15 52 
6 6 12 13 14 15 20 52 
6 6 2 3 4 5 10 52 
6 6 21 26 32 37 42 52 
6 6 26 32 37 43 47 52 
6 6 11 16 22 27 32 52 
6 6 16 22 27 33 37 52 
6 6 22 27 33 38 43 52 
6 6 27 33 38 44 48 52 
6 6 1 6 12 17 22 52 
6 6 6 12 17 23 27 52 
6 6 12 17 23 28 33 52 
6 6 17 23 28 34 38 52 
6 6 23 28 34 39 44 52 
6 6 28 34 39 45 49 52 
6 6 2 7 13 18 23 52 
6 6 7 13 18 24 28 52 
6 6 13 18 24 29 34 52 
6 6 18 24 29 35 39 52 
6 6 24 29 35 40 45 52 
6 6 3 8 14 19 24 52 
6 6 8 14 19 25 29 52 
6 6 14 19 25 30 35 52 
6 6 4 9 15 20 25 52 
6 6 41 46 47 48 49 52 
6 6 31 36 37 38 39 52 
6 6 36 42 43 44 45 52 
6 6 42 47 48 49 50 52 
6 6 21 26 27 28 29 52 
6 6 26 32 33 34 35 52 
6 6 32 37 38 39 40 52 
6 6 11 16 17 18 19 52 
6 6 16 22 23 24 25 52 
6 6 22 27 28 29 30 52 
6 6 1 6 7 8 9 52 
6 6 6 12 13 14 15 52 
6 6 12 17 18 19 20 52 
6 6 2 7 8 9 10 52 
6 6 41 42 43 44 49 52 
6 6 31 32 33 34 39 52 
6 6 36 37 38 39 45 52 
6 6 42 43 44 45 50 52 
6 6 21 22 23 24 29 52 
6 6 26 27 28 29 35 52 
6 6 32 33 34 35 40 52 
6 6 11 12 13 14 19 52 
6 6 16 17 18 19 25 52 
6 6 22 23 24 25 30 52 
6 6 1 2 3 4 9 52 
6 6 6 7 8 9 15 52 
6 6 12 13 14 15 20 52 
6 6 2 3 4 5 10 52 
6 6 26 31 36 42 47 52 
6 6 16 21 26 32 37 52 
6 6 22 26 32 37 43 52 
6 6 27 32 37 43 48 52 
6 6 6 11 16 22 27 52 
6 6 12 16 22 27 33 52 
6 6 17 22 27 33 38 52 
6 6 23 27 33 38 44 52 
6 6 28 33 38 44 49 52 
6 6 2 6 12 17 23 52 
6 6 7 12 17 23 28 52 
6 6 13 17 23 28 34 52 
6 6 18 23 28 34 39 52 
6 6 24 28 34 39 45 52 
6 6 29 34 39 45 50 52 
6 6 3 7 13 18 24 52 
6 6 8 13 18 24 29 52 
6 6 14 18 24 29 35 52 
6 6 19 24 29 35 40 52 
6 6 4 8 14 19 25 52 
6 6 9 14 19 25 30 52 
6 6 41 46 47 48 49 52 
6 6 31 36 37 38 39 52 
6 6 36 42 43 44 45 52 
6 6 42 47 48 49 50 52 
6 6 21 26 27 28 29 52 
6 6 26 32 33 34 35 52 
6 6 32 37 38 39 40 52 
6 6 11 16 17 18 19 52 
6 6 16 22 23 24 25 52 
6 6 22 27 28 29 30 52 
6 6 1 6 7 8 9 52 
6 6 6 12 13 14 15 52 
6 6 12 17 18 19 20 52 
6 6 2 7 8 9 10 52 
6 6 39 41 42 43 44 52 
6 6 45 46 47 48 49 52 
6 6 29 31 32 33 34 52 
6 6 35 36 37 38 39 52 
6 6 40 42 43 44 45 52 
6 6 19 21 22 23 24 52 
6 6 25 26 27 28 29 52 
6 6 30 32 33 34 35 52 
6 6 9 11 12 13 14 52 
6 6 15 16 17 18 19 52 
6 6 20 22 23 24 25 52 
6 6 5 6 7 8 9 52 
6 6 10 12 13 14 15 52 
6 6 31 36 42 47 48 52 
6 6 21 26 32 37 38 52 
6 6 26 32 37 43 44 52 
6 6 32 37 43 48 49 52 
6 6 11 16 22 27 28 52 
6 6 16 22 27 33 34 52 
6 6 22 27 33 38 39 52 
6 6 27 33 38 44 45 52 
6 6 33 38 44 49 50 52 
6 6 1 6 12 17 18 52 
6 6 6 12 17 23 24 52 
6 6 12 17 23 28 29 52 
6 6 17 23 28 34 35 52 
6 6 23 28 34 39 40 52 
6 6 2 7 13 18 19 52 
6 6 7 13 18 24 25 52 
6 6 13 18 24 29 30 52 
6 6 3 8 14 19 20 52 
6 6 36 37 38 39 41 52 
6 6 42 43 44 45 46 52 
6 6 26 27 28 29 31 52 
6 6 32 33 34 35 36 52 
6 6 37 38 39 40 42 52 
6 6 16 17 18 19 21 52 
6 6 22 23 24 25 26 52 
6 6 27 28 29 30 32 52 
6 6 6 7 8 9 11 52 
6 6 12 13 14 15 16 52 
6 6 17 18 19 20 22 52 
6 6 2 3 4 5 6 52 
6 6 7 8 9 10 12 52 
6 6 39 41 42 43 44 52 
6 6 45 46 47 48 49 52 
6 6 29 31 32 33 34 52 
6 6 35 36 37 38 39 52 
6 6 40 42 43 44 45 52 
6 6 19 21 22 23 24 52 
6 6 25 26 27 28 29 52 
6 6 30 32 33 34 35 52 
6 6 9 11 12 13 14 52 
6 6 15 16 17 18 19 52 
6 6 20 22 23 24 25 52 
6 6 5 6 7 8 9 52 
6 6 10 12 13 14 15 52 
6 6 31 32 37 43 48 52 
6 6 21 22 27 33 38 52 
6 6 26 27 33 38 44 52 
6 6 32 33 38 44 49 52 
6 6 11 12 17 23 28 52 
6 6 16 17 23 28 34 52 
6 6 22 23 28 34 39 52 
6 6 27 28 34 39 45 52 
6 6 33 34 39 45 50 52 
6 6 1 2 7 13 18 52 
6 6 6 7 13 18 24 52 
6 6 12 13 18 24 29 52 
6 6 17 18 24 29 35 52 
6 6 23 24 29 35 40 52 
6 6 2 3 8 14 19 52 
6 6 7 8 14 19 25 52 
6 6 13 14 19 25 30 52 
6 6 3 4 9 15 20 52 
6 6 36 37 38 39 41 52 
6 6 42 43 44 45 46 52 
6 6 26 27 28 29 31 52 
6 6 32 33 34 35 36 52 
6 6 37 38 39 40 42 52 
6 6 16 17 18 19 21 52 
6 6 22 23 24 25 26 52 
6 6 27 28 29 30 32 52 
6 6 6 7 8 9 11 52 
6 6 12 13 14 15 16 52 
6 6 17 18 19 20 22 52 
6 6 2 3 4 5 6 52 
6 6 7 8 9 10 12 52 
6 6 41 42 44 47 48 53 
6 6 31 32 34 37 38 53 
6 6 36 37 39 43 44 53 
6 6 42 43 45 48 49 53 
6 6 21 22 24 27 28 53 
6 6 26 27 29 33 34 53 
6 6 32 33 35 38 39 53 
6 6 37 38 40 44 45 53 
6 6 11 12 14 17 18 53 
6 6 16 17 19 23 24 53 
6 6 22 23 25 28 29 53 
6 6 27 28 30 34 35 53 
6 6 1 2 4 7 8 53 
6 6 6 7 9 13 14 53 
6 6 12 13 15 18 19 53 
6 6 17 18 20 24 25 53 
6 6 2 3 5 8 9 53 
6 6 7 8 10 14 15 53 
6 6 31 36 41 46 47 53 
6 6 21 26 31 36 37 53 
6 6 26 32 36 42 43 53 
6 6 32 37 42 47 48 53 
6 6 11 16 21 26 27 53 
6 6 16 22 26 32 33 53 
6 6 22 27 32 37 38 53 
6 6 27 33 37 43 44 53 
6 6 33 38 43 48 49 53 
6 6 1 6 11 16 17 53 
6 6 6 12 16 22 23 53 
6 6 12 17 22 27 28 53 
6 6 17 23 27 33 34 53 
6 6 23 28 33 38 39 53 
6 6 28 34 38 44 45 53 
6 6 34 39 44 49 50 53 
6 6 2 7 12 17 18 53 
6 6 7 13 17 23 24 53 
6 6 13 18 23 28 29 53 
6 6 18 24 28 34 35 53 
6 6 24 29 34 39 40 53 
6 6 3 8 13 18 19 53 
6 6 8 14 18 24 25 53 
6 6 14 19 24 29 30 53 
6 6 4 9 14 19 20 53 
6 6 36 37 41 43 44 53 
6 6 42 43 46 48 49 53 
6 6 26 27 31 33 34 53 
6 6 32 33 36 38 39 53 
6 6 37 38 42 44 45 53 
6 6 43 44 47 49 50 53 
6 6 16 17 21 23 24 53 
6 6 22 23 26 28 29 53 
6 6 27 28 32 34 35 53 
6 6 33 34 37 39 40 53 
6 6 6 7 11 13 14 53 
6 6 12 13 16 18 19 53 
6 6 17 18 22 24 25 53 
6 6 23 24 27 29 30 53 
6 6 2 3 6 8 9 53 
6 6 7 8 12 14 15 53 
6 6 13 14 17 19 20 53 
6 6 3 4 7 9 10 53 
6 6 41 42 44 47 48 53 
6 6 31 32 34 37 38 53 
6 6 36 37 39 43 44 53 
6 6 42 43 45 48 49 53 
6 6 21 22 24 27 28 53 
6 6 26 27 29 33 34 53 
6 6 32 33 35 38 39 53 
6 6 37 38 40 44 45 53 
6 6 11 12 14 17 18 53 
6 6 16 17 19 23 24 53 
6 6 22 23 25 28 29 53 
6 6 27 28 30 34 35 53 
6 6 1 2 4 7 8 53 
6 6 6 7 9 13 14 53 
6 6 12 13 15 18 19 53 
6 6 17 18 20 24 25 53 
6 6 2 3 5 8 9 53 
6 6 7 8 10 14 15 53 
6 6 31 32 37 42 47 53 
6 6 21 22 27 32 37 53 
6 6 26 27 33 37 43 53 
6 6 32 33 38 43 48 53 
6 6 11 12 17 22 27 53 
6 6 16 17 23 27 33 53 
6 6 22 23 28 33 38 53 
6 6 27 28 34 38 44 53 
6 6 33 34 39 44 49 53 
6 6 1 2 7 12 17 53 
6 6 6 7 13 17 23 53 
6 6 12 13 18 23 28 53 
6 6 17 18 24 28 34 53 
6 6 23 24 29 34 39 53 
6 6 28 29 35 39 45 53 
6 6 34 35 40 45 50 53 
6 6 2 3 8 13 18 53 
6 6 7 8 14 18 24 53 
6 6 13 14 19 24 29 53 
6 6 18 19 25 29 35 53 
6 6 24 25 30 35 40 53 
6 6 3 4 9 14 19 53 
6 6 8 9 15 19 25 53 
6 6 14 15 20 25 30 53 
6 6 4 5 10 15 20 53 
6 6 36 37 41 43 44 53 
6 6 42 43 46 48 49 53 
6 6 26 27 31 33 34 53 
6 6 32 33 36 38 39 53 
6 6 37 38 42 44 45 53 
6 6 43 44 47 49 50 53 
6 6 16 17 21 23 24 53 
6 6 22 23 26 28 29 53 
6 6 27 28 32 34 35 53 
6 6 33 34 37 39 40 53 
6 6 6 7 11 13 14 53 
6 6 12 13 16 18 19 53 
6 6 17 18 22 24 25 53 
6 6 23 24 27 29 30 53 
6 6 2 3 6 8 9 53 
6 6 7 8 12 14 15 53 
6 6 13 14 17 19 20 53 
6 6 3 4 7 9 10 53 
6 6 37 38 41 42 44 53 
6 6 43 44 46 47 49 53 
6 6 27 28 31 32 34 53 
6 6 33 34 36 37 39 53 
6 6 38 39 42 43 45 53 
6 6 44 45 47 48 50 53 
6 6 17 18 21 22 24 53 
6 6 23 24 26 27 29 53 
6 6 28 29 32 33 35 53 
6 6 34 35 37 38 40 53 
6 6 7 8 11 12 14 53 
6 6 13 14 16 17 19 53 
6 6 18 19 22 23 25 53 
6 6 24 25 27 28 30 53 
6 6 3 4 6 7 9 53 
6 6 8 9 12 13 15 53 
6 6 14 15 17 18 20 53 
6 6 4 5 7 8 10 53 
6 6 31 36 37 43 47 53 
6 6 21 26 27 33 37 53 
6 6 26 32 33 38 43 53 
6 6 32 37 38 44 48 53 
6 6 11 16 17 23 27 53 
6 6 16 22 23 28 33 53 
6 6 22 27 28 34 38 53 
6 6 27 33 34 39 44 53 
6 6 33 38 39 45 49 53 
6 6 1 6 7 13 17 53 
6 6 6 12 13 18 23 53 
6 6 12 17 18 24 28 53 
6 6 17 23 24 29 34 53 
6 6 23 28 29 35 39 53 
6 6 28 34 35 40 45 53 
6 6 2 7 8 14 18 53 
6 6 7 13 14 19 24 53 
6 6 13 18 19 25 29 53 
6 6 18 24 25 30 35 53 
6 6 3 8 9 15 19 53 
6 6 8 14 15 20 25 53 
6 6 41 43 44 46 47 53 
6 6 31 33 34 36 37 53 
6 6 36 38 39 42 43 53 
6 6 42 44 45 47 48 53 
6 6 21 23 24 26 27 53 
6 6 26 28 29 32 33 53 
6 6 32 34 35 37 38 53 
6 6 37 39 40 43 44 53 
6 6 11 13 14 16 17 53 
6 6 16 18 19 22 23 53 
6 6 22 24 25 27 28 53 
6 6 27 29 30 33 34 53 
6 6 1 3 4 6 7 53 
6 6 6 8 9 12 13 53 
6 6 12 14 15 17 18 53 
6 6 17 19 20 23 24 53 
6 6 2 4 5 7 8 53 
6 6 7 9 10 13 14 53 
6 6 37 38 41 42 44 53 
6 6 43 44 46 47 49 53 
6 6 27 28 31 32 34 53 
6 6 33 34 36 37 39 53 
6 6 38 39 42 43 45 53 
6 6 44 45 47 48 50 53 
6 6 17 18 21 22 24 53 
6 6 23 24 26 27 29 53 
6 6 28 29 32 33 35 53 
6 6 34 35 37 38 40 53 
6 6 7 8 11 12 14 53 
6 6 13 14 16 17 19 53 
6 6 18 19 22 23 25 53 
6 6 24 25 27 28 30 53 
6 6 3 4 6 7 9 53 
6 6 8 9 12 13 15 53 
6 6 14 15 17 18 20 53 
6 6 4 5 7 8 10 53 
6 6 26 31 36 37 43 53 
6 6 32 36 42 43 48 53 
6 6 16 21 26 27 33 53 
6 6 22 26 32 33 38 53 
6 6 27 32 37 38 44 53 
6 6 33 37 43 44 49 53 
6 6 6 11 16 17 23 53 
6 6 12 16 22 23 28 53 
6 6 17 22 27 28 34 53 
6 6 23 27 33 34 39 53 
6 6 28 33 38 39 45 53 
6 6 34 38 44 45 50 53 
6 6 2 6 12 13 18 53 
6 6 7 12 17 18 24 53 
6 6 13 17 23 24 29 53 
6 6 18 23 28 29 35 53 
6 6 24 28 34 35 40 53 
6 6 3 7 13 14 19 53 
6 6 8 13 18 19 25 53 
6 6 14 18 24 25 30 53 
6 6 4 8 14 15 20 53 
6 6 41 43 44 46 47 53 
6 6 31 33 34 36 37 53 
6 6 36 38 39 42 43 53 
6 6 42 44 45 47 48 53 
6 6 21 23 24 26 27 53 
6 6 26 28 29 32 33 53 
6 6 32 34 35 37 38 53 
6 6 37 39 40 43 44 53 
6 6 11 13 14 16 17 53 
6 6 16 18 19 22 23 53 
6 6 22 24 25 27 28 53 
6 6 27 29 30 33 34 53 
6 6 1 3 4 6 7 53 
6 6 6 8 9 12 13 53 
6 6 12 14 15 17 18 53 
6 6 17 19 20 23 24 53 
6 6 2 4 5 7 8 53 
6 6 7 9 10 13 14 53 
6 6 31 32 33 38 43 54 
6 6 36 37 38 44 48 54 
6 6 21 22 23 28 33 54 
6 6 26 27 28 34 38 54 
6 6 32 33 34 39 44 54 
6 6 37 38 39 45 49 54 
6 6 11 12 13 18 23 54 
6 6 16 17 18 24 28 54 
6 6 22 23 24 29 34 54 
6 6 27 28 29 35 39 54 
6 6 33 34 35 40 45 54 
6 6 1 2 3 8 13 54 
6 6 6 7 8 14 18 54 
6 6 12 13 14 19 24 54 
6 6 17 18 19 25 29 54 
6 6 23 24 25 30 35 54 
6 6 2 3 4 9 14 54 
6 6 7 8 9 15 19 54 
6 6 13 14 15 20 25 54 
6 6 3 4 5 10 15 54 
6 6 26 32 37 41 42 54 
6 6 32 37 43 46 47 54 
6 6 16 22 27 31 32 54 
6 6 22 27 33 36 37 54 
6 6 27 33 38 42 43 54 
6 6 33 38 44 47 48 54 
6 6 6 12 17 21 22 54 
6 6 12 17 23 26 27 54 
6 6 17 23 28 32 33 54 
6 6 23 28 34 37 38 54 
6 6 28 34 39 43 44 54 
6 6 34 39 45 48 49 54 
6 6 2 7 13 16 17 54 
6 6 7 13 18 22 23 54 
6 6 13 18 24 27 28 54 
6 6 18 24 29 33 34 54 
6 6 24 29 35 38 39 54 
6 6 29 35 40 44 45 54 
6 6 3 8 14 17 18 54 
6 6 8 14 19 23 24 54 
6 6 14 19 25 28 29 54 
6 6 19 25 30 34 35 54 
6 6 4 9 15 18 19 54 
6 6 9 15 20 24 25 54 
6 6 36 41 46 47 48 54 
6 6 26 31 36 37 38 54 
6 6 32 36 42 43 44 54 
6 6 37 42 47 48 49 54 
6 6 16 21 26 27 28 54 
6 6 22 26 32 33 34 54 
6 6 27 32 37 38 39 54 
6 6 33 37 43 44 45 54 
6 6 38 43 48 49 50 54 
6 6 6 11 16 17 18 54 
6 6 12 16 22 23 24 54 
6 6 17 22 27 28 29 54 
6 6 23 27 33 34 35 54 
6 6 28 33 38 39 40 54 
6 6 2 6 12 13 14 54 
6 6 7 12 17 18 19 54 
6 6 13 17 23 24 25 54 
6 6 18 23 28 29 30 54 
6 6 3 7 13 14 15 54 
6 6 8 13 18 19 20 54 
6 6 31 32 33 38 43 54 
6 6 36 37 38 44 48 54 
6 6 21 22 23 28 33 54 
6 6 26 27 28 34 38 54 
6 6 32 33 34 39 44 54 
6 6 37 38 39 45 49 54 
6 6 11 12 13 18 23 54 
6 6 16 17 18 24 28 54 
6 6 22 23 24 29 34 54 
6 6 27 28 29 35 39 54 
6 6 33 34 35 40 45 54 
6 6 1 2 3 8 13 54 
6 6 6 7 8 14 18 54 
6 6 12 13 14 19 24 54 
6 6 17 18 19 25 29 54 
6 6 23 24 25 30 35 54 
6 6 2 3 4 9 14 54 
6 6 7 8 9 15 19 54 
6 6 13 14 15 20 25 54 
6 6 3 4 5 10 15 54 
6 6 26 27 31 36 42 54 
6 6 32 33 36 42 47 54 
6 6 16 17 21 26 32 54 
6 6 22 23 26 32 37 54 
6 6 27 28 32 37 43 54 
6 6 33 34 37 43 48 54 
6 6 6 7 11 16 22 54 
6 6 12 13 16 22 27 54 
6 6 17 18 22 27 33 54 
6 6 23 24 27 33 38 54 
6 6 28 29 33 38 44 54 
6 6 34 35 38 44 49 54 
6 6 2 3 6 12 17 54 
6 6 7 8 12 17 23 54 
6 6 13 14 17 23 28 54 
6 6 18 19 23 28 34 54 
6 6 24 25 28 34 39 54 
6 6 29 30 34 39 45 54 
6 6 3 4 7 13 18 54 
6 6 8 9 13 18 24 54 
6 6 14 15 18 24 29 54 
6 6 19 20 24 29 35 54 
6 6 4 5 8 14 19 54 
6 6 9 10 14 19 25 54 
6 6 36 41 46 47 48 54 
6 6 26 31 36 37 38 54 
6 6 32 36 42 43 44 54 
6 6 37 42 47 48 49 54 
6 6 16 21 26 27 28 54 
6 6 22 26 32 33 34 54 
6 6 27 32 37 38 39 54 
6 6 33 37 43 44 45 54 
6 6 38 43 48 49 50 54 
6 6 6 11 16 17 18 54 
6 6 12 16 22 23 24 54 
6 6 17 22 27 28 29 54 
6 6 23 27 33 34 35 54 
6 6 28 33 38 39 40 54 
6 6 2 6 12 13 14 54 
6 6 7 12 17 18 19 54 
6 6 13 17 23 24 25 54 
6 6 18 23 28 29 30 54 
6 6 3 7 13 14 15 54 
6 6 8 13 18 19 20 54 
6 6 33 38 41 42 43 54 
6 6 38 44 46 47 48 54 
6 6 23 28 31 32 33 54 
6 6 28 34 36 37 38 54 
6 6 34 39 42 43 44 54 
6 6 39 45 47 48 49 54 
6 6 13 18 21 22 23 54 
6 6 18 24 26 27 28 54 
6 6 24 29 32 33 34 54 
6 6 29 35 37 38 39 54 
6 6 35 40 43 44 45 54 
6 6 3 8 11 12 13 54 
6 6 8 14 16 17 18 54 
6 6 14 19 22 23 24 54 
6 6 19 25 27 28 29 54 
6 6 25 30 33 34 35 54 
6 6 4 9 12 13 14 54 
6 6 9 15 17 18 19 54 
6 6 15 20 23 24 25 54 
6 6 5 10 13 14 15 54 
6 6 31 36 38 42 43 54 
6 6 36 42 44 47 48 54 
6 6 21 26 28 32 33 54 
6 6 26 32 34 37 38 54 
6 6 32 37 39 43 44 54 
6 6 37 43 45 48 49 54 
6 6 11 16 18 22 23 54 
6 6 16 22 24 27 28 54 
6 6 22 27 29 33 34 54 
6 6 27 33 35 38 39 54 
6 6 33 38 40 44 45 54 
6 6 1 6 8 12 13 54 
6 6 6 12 14 17 18 54 
6 6 12 17 19 23 24 54 
6 6 17 23 25 28 29 54 
6 6 23 28 30 34 35 54 
6 6 2 7 9 13 14 54 
6 6 7 13 15 18 19 54 
6 6 13 18 20 24 25 54 
6 6 3 8 10 14 15 54 
6 6 36 37 38 41 46 54 
6 6 26 27 28 31 36 54 
6 6 32 33 34 36 42 54 
6 6 37 38 39 42 47 54 
6 6 16 17 18 21 26 54 
6 6 22 23 24 26 32 54 
6 6 27 28 29 32 37 54 
6 6 33 34 35 37 43 54 
6 6 38 39 40 43 48 54 
6 6 6 7 8 11 16 54 
6 6 12 13 14 16 22 54 
6 6 17 18 19 22 27 54 
6 6 23 24 25 27 33 54 
6 6 28 29 30 33 38 54 
6 6 2 3 4 6 12 54 
6 6 7 8 9 12 17 54 
6 6 13 14 15 17 23 54 
6 6 18 19 20 23 28 54 
6 6 3 4 5 7 13 54 
6 6 8 9 10 13 18 54 
6 6 33 38 41 42 43 54 
6 6 38 44 46 47 48 54 
6 6 23 28 31 32 33 54 
6 6 28 34 36 37 38 54 
6 6 34 39 42 43 44 54 
6 6 39 45 47 48 49 54 
6 6 13 18 21 22 23 54 
6 6 18 24 26 27 28 54 
6 6 24 29 32 33 34 54 
6 6 29 35 37 38 39 54 
6 6 35 40 43 44 45 54 
6 6 3 8 11 12 13 54 
6 6 8 14 16 17 18 54 
6 6 14 19 22 23 24 54 
6 6 19 25 27 28 29 54 
6 6 25 30 33 34 35 54 
6 6 4 9 12 13 14 54 
6 6 9 15 17 18 19 54 
6 6 15 20 23 24 25 54 
6 6 5 10 13 14 15 54 
6 6 36 37 41 43 48 54 
6 6 26 27 31 33 38 54 
6 6 32 33 36 38 44 54 
6 6 37 38 42 44 49 54 
6 6 16 17 21 23 28 54 
6 6 22 23 26 28 34 54 
6 6 27 28 32 34 39 54 
6 6 33 34 37 39 45 54 
6 6 38 39 43 45 50 54 
6 6 6 7 11 13 18 54 
6 6 12 13 16 18 24 54 
6 6 17 18 22 24 29 54 
6 6 23 24 27 29 35 54 
6 6 28 29 33 35 40 54 
6 6 2 3 6 8 14 54 
6 6 7 8 12 14 19 54 
6 6 13 14 17 19 25 54 
6 6 18 19 23 25 30 54 
6 6 3 4 7 9 15 54 
6 6 8 9 13 15 20 54 
6 6 36 37 38 41 46 54 
6 6 26 27 28 31 36 54 
6 6 32 33 34 36 42 54 
6 6 37 38 39 42 47 54 
6 6 16 17 18 21 26 54 
6 6 22 23 24 26 32 54 
6 6 27 28 29 32 37 54 
6 6 33 34 35 37 43 54 
6 6 38 39 40 43 48 54 
6 6 6 7 8 11 16 54 
6 6 12 13 14 16 22 54 
6 6 17 18 19 22 27 54 
6 6 23 24 25 27 33 54 
6 6 28 29 30 33 38 54 
6 6 2 3 4 6 12 54 
6 6 7 8 9 12 17 54 
6 6 13 14 15 17 23 54 
6 6 18 19 20 23 28 54 
6 6 3 4 5 7 13 54 
6 6 8 9 10 13 18 54 
6 6 41 42 43 48 49 55 
6 6 31 32 33 38 39 55 
6 6 36 37 38 44 45 55 
6 6 42 43 44 49 50 55 
6 6 21 22 23 28 29 55 
6 6 26 27 28 34 35 55 
6 6 32 33 34 39 40 55 
6 6 11 12 13 18 19 55 
6 6 16 17 18 24 25 55 
6 6 22 23 24 29 30 55 
6 6 1 2 3 8 9 55 
6 6 6 7 8 14 15 55 
6 6 12 13 14 19 20 55 
6 6 2 3 4 9 10 55 
6 6 21 26 32 36 42 55 
6 6 26 32 37 42 47 55 
6 6 11 16 22 26 32 55 
6 6 16 22 27 32 37 55 
6 6 22 27 33 37 43 55 
6 6 27 33 38 43 48 55 
6 6 1 6 12 16 22 55 
6 6 6 12 17 22 27 55 
6 6 12 17 23 27 33 55 
6 6 17 23 28 33 38 55 
6 6 23 28 34 38 44 55 
6 6 28 34 39 44 49 55 
6 6 2 7 13 17 23 55 
6 6 7 13 18 23 28 55 
6 6 13 18 24 28 34 55 
6 6 18 24 29 34 39 55 
6 6 24 29 35 39 45 55 
6 6 29 35 40 45 50 55 
6 6 3 8 14 18 24 55 
6 6 8 14 19 24 29 55 
6 6 14 19 25 29 35 55 
6 6 19 25 30 35 40 55 
6 6 4 9 15 19 25 55 
6 6 9 15 20 25 30 55 
6 6 41 42 47 48 49 55 
6 6 31 32 37 38 39 55 
6 6 36 37 43 44 45 55 
6 6 42 43 48 49 50 55 
6 6 21 22 27 28 29 55 
6 6 26 27 33 34 35 55 
6 6 32 33 38 39 40 55 
6 6 11 12 17 18 19 55 
6 6 16 17 23 24 25 55 
6 6 22 23 28 29 30 55 
6 6 1 2 7 8 9 55 
6 6 6 7 13 14 15 55 
6 6 12 13 18 19 20 55 
6 6 2 3 8 9 10 55 
6 6 41 42 43 48 49 55 
6 6 31 32 33 38 39 55 
6 6 36 37 38 44 45 55 
6 6 42 43 44 49 50 55 
6 6 21 22 23 28 29 55 
6 6 26 27 28 34 35 55 
6 6 32 33 34 39 40 55 
6 6 11 12 13 18 19 55 
6 6 16 17 18 24 25 55 
6 6 22 23 24 29 30 55 
6 6 1 2 3 8 9 55 
6 6 6 7 8 14 15 55 
6 6 12 13 14 19 20 55 
6 6 2 3 4 9 10 55 
6 6 21 26 31 36 42 55 
6 6 26 32 36 42 47 55 
6 6 11 16 21 26 32 55 
6 6 16 22 26 32 37 55 
6 6 22 27 32 37 43 55 
6 6 27 33 37 43 48 55 
6 6 1 6 11 16 22 55 
6 6 6 12 16 22 27 55 
6 6 12 17 22 27 33 55 
6 6 17 23 27 33 38 55 
6 6 23 28 33 38 44 55 
6 6 28 34 38 44 49 55 
6 6 2 7 12 17 23 55 
6 6 7 13 17 23 28 55 
6 6 13 18 23 28 34 55 
6 6 18 24 28 34 39 55 
6 6 24 29 34 39 45 55 
6 6 29 35 39 45 50 55 
6 6 3 8 13 18 24 55 
6 6 8 14 18 24 29 55 
6 6 14 19 24 29 35 55 
6 6 19 25 29 35 40 55 
6 6 4 9 14 19 25 55 
6 6 9 15 19 25 30 55 
6 6 41 42 47 48 49 55 
6 6 31 32 37 38 39 55 
6 6 36 37 43 44 45 55 
6 6 42 43 48 49 50 55 
6 6 21 22 27 28 29 55 
6 6 26 27 33 34 35 55 
6 6 32 33 38 39 40 55 
6 6 11 12 17 18 19 55 
6 6 16 17 23 24 25 55 
6 6 22 23 28 29 30 55 
6 6 1 2 7 8 9 55 
6 6 6 7 13 14 15 55 
6 6 12 13 18 19 20 55 
6 6 2 3 8 9 10 55 
6 6 38 39 41 42 43 55 
6 6 44 45 46 47 48 55 
6 6 28 29 31 32 33 55 
6 6 34 35 36 37 38 55 
6 6 39 40 42 43 44 55 
6 6 18 19 21 22 23 55 
6 6 24 25 26 27 28 55 
6 6 29 30 32 33 34 55 
6 6 8 9 11 12 13 55 
6 6 14 15 16 17 18 55 
6 6 19 20 22 23 24 55 
6 6 4 5 6 7 8 55 
6 6 9 10 12 13 14 55 
6 6 31 36 42 43 48 55 
6 6 21 26 32 33 38 55 
6 6 26 32 37 38 44 55 
6 6 32 37 43 44 49 55 
6 6 11 16 22 23 28 55 
6 6 16 22 27 28 34 55 
6 6 22 27 33 34 39 55 
6 6 27 33 38 39 45 55 
6 6 33 38 44 45 50 55 
6 6 1 6 12 13 18 55 
6 6 6 12 17 18 24 55 
6 6 12 17 23 24 29 55 
6 6 17 23 28 29 35 55 
6 6 23 28 34 35 40 55 
6 6 2 7 13 14 19 55 
6 6 7 13 18 19 25 55 
6 6 13 18 24 25 30 55 
6 6 3 8 14 15 20 55 
6 6 37 38 39 41 42 55 
6 6 43 44 45 46 47 55 
6 6 27 28 29 31 32 55 
6 6 33 34 35 36 37 55 
6 6 38 39 40 42 43 55 
6 6 17 18 19 21 22 55 
6 6 23 24 25 26 27 55 
6 6 28 29 30 32 33 55 
6 6 7 8 9 11 12 55 
6 6 13 14 15 16 17 55 
6 6 18 19 20 22 23 55 
6 6 3 4 5 6 7 55 
6 6 8 9 10 12 13 55 
6 6 38 39 41 42 43 55 
6 6 44 45 46 47 48 55 
6 6 28 29 31 32 33 55 
6 6 34 35 36 37 38 55 
6 6 39 40 42 43 44 55 
6 6 18 19 21 22 23 55 
6 6 24 25 26 27 28 55 
6 6 29 30 32 33 34 55 
6 6 8 9 11 12 13 55 
6 6 14 15 16 17 18 55 
6 6 19 20 22 23 24 55 
6 6 4 5 6 7 8 55 
6 6 9 10 12 13 14 55 
6 6 31 36 37 43 48 55 
6 6 21 26 27 33 38 55 
6 6 26 32 33 38 44 55 
6 6 32 37 38 44 49 55 
6 6 11 16 17 23 28 55 
6 6 16 22 23 28 34 55 
6 6 22 27 28 34 39 55 
6 6 27 33 34 39 45 55 
6 6 33 38 39 45 50 55 
6 6 1 6 7 13 18 55 
6 6 6 12 13 18 24 55 
6 6 12 17 18 24 29 55 
6 6 17 23 24 29 35 55 
6 6 23 28 29 35 40 55 
6 6 2 7 8 14 19 55 
6 6 7 13 14 19 25 55 
6 6 13 18 19 25 30 55 
6 6 3 8 9 15 20 55 
6 6 37 38 39 41 42 55 
6 6 43 44 45 46 47 55 
6 6 27 28 29 31 32 55 
6 6 33 34 35 36 37 55 
6 6 38 39 40 42 43 55 
6 6 17 18 19 21 22 55 
6 6 23 24 25 26 27 55 
6 6 28 29 30 32 33 55 
6 6 7 8 9 11 12 55 
6 6 13 14 15 16 17 55 
6 6 18 19 20 22 23 55 
6 6 3 4 5 6 7 55 
6 6 8 9 10 12 13 55 
6 6 31 32 33 37 43 56 
6 6 36 37 38 43 48 56 
6 6 21 22 23 27 33 56 
6 6 26 27 28 33 38 56 
6 6 32 33 34 38 44 56 
6 6 37 38 39 44 49 56 
6 6 11 12 13 17 23 56 
6 6 16 17 18 23 28 56 
6 6 22 23 24 28 34 56 
6 6 27 28 29 34 39 56 
6 6 33 34 35 39 45 56 
6 6 38 39 40 45 50 56 
6 6 1 2 3 7 13 56 
6 6 6 7 8 13 18 56 
6 6 12 13 14 18 24 56 
6 6 17 18 19 24 29 56 
6 6 23 24 25 29 35 56 
6 6 28 29 30 35 40 56 
6 6 2 3 4 8 14 56 
6 6 7 8 9 14 19 56 
6 6 13 14 15 19 25 56 
6 6 18 19 20 25 30 56 
6 6 3 4 5 9 15 56 
6 6 8 9 10 15 20 56 
6 6 26 32 36 37 41 56 
6 6 32 37 42 43 46 56 
6 6 16 22 26 27 31 56 
6 6 22 27 32 33 36 56 
6 6 27 33 37 38 42 56 
6 6 33 38 43 44 47 56 
6 6 6 12 16 17 21 56 
6 6 12 17 22 23 26 56 
6 6 17 23 27 28 32 56 
6 6 23 28 33 34 37 56 
6 6 28 34 38 39 43 56 
6 6 34 39 44 45 48 56 
6 6 2 7 12 13 16 56 
6 6 7 13 17 18 22 56 
6 6 13 18 23 24 27 56 
6 6 18 24 28 29 33 56 
6 6 24 29 34 35 38 56 
6 6 29 35 39 40 44 56 
6 6 3 8 13 14 17 56 
6 6 8 14 18 19 23 56 
6 6 14 19 24 25 28 56 
6 6 19 25 29 30 34 56 
6 6 4 9 14 15 18 56 
6 6 9 15 19 20 24 56 
6 6 31 36 41 42 43 56 
6 6 36 42 46 47 48 56 
6 6 21 26 31 32 33 56 
6 6 26 32 36 37 38 56 
6 6 32 37 42 43 44 56 
6 6 37 43 47 48 49 56 
6 6 11 16 21 22 23 56 
6 6 16 22 26 27 28 56 
6 6 22 27 32 33 34 56 
6 6 27 33 37 38 39 56 
6 6 33 38 43 44 45 56 
6 6 38 44 48 49 50 56 
6 6 1 6 11 12 13 56 
6 6 6 12 16 17 18 56 
6 6 12 17 22 23 24 56 
6 6 17 23 27 28 29 56 
6 6 23 28 33 34 35 56 
6 6 28 34 38 39 40 56 
6 6 2 7 12 13 14 56 
6 6 7 13 17 18 19 56 
6 6 13 18 23 24 25 56 
6 6 18 24 28 29 30 56 
6 6 3 8 13 14 15 56 
6 6 8 14 18 19 20 56 
6 6 31 32 33 37 43 56 
6 6 36 37 38 43 48 56 
6 6 21 22 23 27 33 56 
6 6 26 27 28 33 38 56 
6 6 32 33 34 38 44 56 
6 6 37 38 39 44 49 56 
6 6 11 12 13 17 23 56 
6 6 16 17 18 23 28 56 
6 6 22 23 24 28 34 56 
6 6 27 28 29 34 39 56 
6 6 33 34 35 39 45 56 
6 6 38 39 40 45 50 56 
6 6 1 2 3 7 13 56 
6 6 6 7 8 13 18 56 
6 6 12 13 14 18 24 56 
6 6 17 18 19 24 29 56 
6 6 23 24 25 29 35 56 
6 6 28 29 30 35 40 56 
6 6 2 3 4 8 14 56 
6 6 7 8 9 14 19 56 
6 6 13 14 15 19 25 56 
6 6 18 19 20 25 30 56 
6 6 3 4 5 9 15 56 
6 6 8 9 10 15 20 56 
6 6 27 31 32 36 42 56 
6 6 33 36 37 42 47 56 
6 6 17 21 22 26 32 56 
6 6 23 26 27 32 37 56 
6 6 28 32 33 37 43 56 
6 6 34 37 38 43 48 56 
6 6 7 11 12 16 22 56 
6 6 13 16 17 22 27 56 
6 6 18 22 23 27 33 56 
6 6 24 27 28 33 38 56 
6 6 29 33 34 38 44 56 
6 6 35 38 39 44 49 56 
6 6 3 6 7 12 17 56 
6 6 8 12 13 17 23 56 
6 6 14 17 18 23 28 56 
6 6 19 23 24 28 34 56 
6 6 25 28 29 34 39 56 
6 6 30 34 35 39 45 56 
6 6 4 7 8 13 18 56 
6 6 9 13 14 18 24 56 
6 6 15 18 19 24 29 56 
6 6 20 24 25 29 35 56 
6 6 5 8 9 14 19 56 
6 6 10 14 15 19 25 56 
6 6 31 36 41 42 43 56 
6 6 36 42 46 47 48 56 
6 6 21 26 31 32 33 56 
6 6 26 32 36 37 38 56 
6 6 32 37 42 43 44 56 
6 6 37 43 47 48 49 56 
6 6 11 16 21 22 23 56 
6 6 16 22 26 27 28 56 
6 6 22 27 32 33 34 56 
6 6 27 33 37 38 39 56 
6 6 33 38 43 44 45 56 
6 6 38 44 48 49 50 56 
6 6 1 6 11 12 13 56 
6 6 6 12 16 17 18 56 
6 6 12 17 22 23 24 56 
6 6 17 23 27 28 29 56 
6 6 23 28 33 34 35 56 
6 6 28 34 38 39 40 56 
6 6 2 7 12 13 14 56 
6 6 7 13 17 18 19 56 
6 6 13 18 23 24 25 56 
6 6 18 24 28 29 30 56 
6 6 3 8 13 14 15 56 
6 6 8 14 18 19 20 56 
6 6 33 37 41 42 43 56 
6 6 38 43 46 47 48 56 
6 6 23 27 31 32 33 56 
6 6 28 33 36 37 38 56 
6 6 34 38 42 43 44 56 
6 6 39 44 47 48 49 56 
6 6 13 17 21 22 23 56 
6 6 18 23 26 27 28 56 
6 6 24 28 32 33 34 56 
6 6 29 34 37 38 39 56 
6 6 35 39 43 44 45 56 
6 6 40 45 48 49 50 56 
6 6 3 7 11 12 13 56 
6 6 8 13 16 17 18 56 
6 6 14 18 22 23 24 56 
6 6 19 24 27 28 29 56 
6 6 25 29 33 34 35 56 
6 6 30 35 38 39 40 56 
6 6 4 8 12 13 14 56 
6 6 9 14 17 18 19 56 
6 6 15 19 23 24 25 56 
6 6 20 25 28 29 30 56 
6 6 5 9 13 14 15 56 
6 6 10 15 18 19 20 56 
6 6 31 36 37 38 42 56 
6 6 36 42 43 44 47 56 
6 6 21 26 27 28 32 56 
6 6 26 32 33 34 37 56 
6 6 32 37 38 39 43 56 
6 6 37 43 44 45 48 56 
6 6 11 16 17 18 22 56 
6 6 16 22 23 24 27 56 
6 6 22 27 28 29 33 56 
6 6 27 33 34 35 38 56 
6 6 33 38 39 40 44 56 
6 6 1 6 7 8 12 56 
6 6 6 12 13 14 17 56 
6 6 12 17 18 19 23 56 
6 6 17 23 24 25 28 56 
6 6 23 28 29 30 34 56 
6 6 2 7 8 9 13 56 
6 6 7 13 14 15 18 56 
6 6 13 18 19 20 24 56 
6 6 3 8 9 10 14 56 
6 6 31 32 33 36 41 56 
6 6 36 37 38 42 46 56 
6 6 21 22 23 26 31 56 
6 6 26 27 28 32 36 56 
6 6 32 33 34 37 42 56 
6 6 37 38 39 43 47 56 
6 6 11 12 13 16 21 56 
6 6 16 17 18 22 26 56 
6 6 22 23 24 27 32 56 
6 6 27 28 29 33 37 56 
6 6 33 34 35 38 43 56 
6 6 38 39 40 44 48 56 
6 6 1 2 3 6 11 56 
6 6 6 7 8 12 16 56 
6 6 12 13 14 17 22 56 
6 6 17 18 19 23 27 56 
6 6 23 24 25 28 33 56 
6 6 28 29 30 34 38 56 
6 6 2 3 4 7 12 56 
6 6 7 8 9 13 17 56 
6 6 13 14 15 18 23 56 
6 6 18 19 20 24 28 56 
6 6 3 4 5 8 13 56 
6 6 8 9 10 14 18 56 
6 6 33 37 41 42 43 56 
6 6 38 43 46 47 48 56 
6 6 23 27 31 32 33 56 
6 6 28 33 36 37 38 56 
6 6 34 38 42 43 44 56 
6 6 39 44 47 48 49 56 
6 6 13 17 21 22 23 56 
6 6 18 23 26 27 28 56 
6 6 24 28 32 33 34 56 
6 6 29 34 37 38 39 56 
6 6 35 39 43 44 45 56 
6 6 40 45 48 49 50 56 
6 6 3 7 11 12 13 56 
6 6 8 13 16 17 18 56 
6 6 14 18 22 23 24 56 
6 6 19 24 27 28 29 56 
6 6 25 29 33 34 35 56 
6 6 30 35 38 39 40 56 
6 6 4 8 12 13 14 56 
6 6 9 14 17 18 19 56 
6 6 15 19 23 24 25 56 
6 6 20 25 28 29 30 56 
6 6 5 9 13 14 15 56 
6 6 10 15 18 19 20 56 
6 6 37 41 42 43 48 56 
6 6 27 31 32 33 38 56 
6 6 33 36 37 38 44 56 
6 6 38 42 43 44 49 56 
6 6 17 21 22 23 28 56 
6 6 23 26 27 28 34 56 
6 6 28 32 33 34 39 56 
6 6 34 37 38 39 45 56 
6 6 39 43 44 45 50 56 
6 6 7 11 12 13 18 56 
6 6 13 16 17 18 24 56 
6 6 18 22 23 24 29 56 
6 6 24 27 28 29 35 56 
6 6 29 33 34 35 40 56 
6 6 3 6 7 8 14 56 
6 6 8 12 13 14 19 56 
6 6 14 17 18 19 25 56 
6 6 19 23 24 25 30 56 
6 6 4 7 8 9 15 56 
6 6 9 13 14 15 20 56 
6 6 31 32 33 36 41 56 
6 6 36 37 38 42 46 56 
6 6 21 22 23 26 31 56 
6 6 26 27 28 32 36 56 
6 6 32 33 34 37 42 56 
6 6 37 38 39 43 47 56 
6 6 11 12 13 16 21 56 
6 6 16 17 18 22 26 56 
6 6 22 23 24 27 32 56 
6 6 27 28 29 33 37 56 
6 6 33 34 35 38 43 56 
6 6 38 39 40 44 48 56 
6 6 1 2 3 6 11 56 
6 6 6 7 8 12 16 56 
6 6 12 13 14 17 22 56 
6 6 17 18 19 23 27 56 
6 6 23 24 25 28 33 56 
6 6 28 29 30 34 38 56 
6 6 2 3 4 7 12 56 
6 6 7 8 9 13 17 56 
6 6 13 14 15 18 23 56 
6 6 18 19 20 24 28 56 
6 6 3 4 5 8 13 56 
6 6 8 9 10 14 18 56 
6 6 41 42 43 47 48 57 
6 6 31 32 33 37 38 57 
6 6 36 37 38 43 44 57 
6 6 42 43 44 48 49 57 
6 6 21 22 23 27 28 57 
6 6 26 27 28 33 34 57 
6 6 32 33 34 38 39 57 
6 6 37 38 39 44 45 57 
6 6 43 44 45 49 50 57 
6 6 11 12 13 17 18 57 
6 6 16 17 18 23 24 57 
6 6 22 23 24 28 29 57 
6 6 27 28 29 34 35 57 
6 6 33 34 35 39 40 57 
6 6 1 2 3 7 8 57 
6 6 6 7 8 13 14 57 
6 6 12 13 14 18 19 57 
6 6 17 18 19 24 25 57 
6 6 23 24 25 29 30 57 
6 6 2 3 4 8 9 57 
6 6 7 8 9 14 15 57 
6 6 13 14 15 19 20 57 
6 6 3 4 5 9 10 57 
6 6 31 36 41 42 46 57 
6 6 21 26 31 32 36 57 
6 6 26 32 36 37 42 57 
6 6 32 37 42 43 47 57 
6 6 11 16 21 22 26 57 
6 6 16 22 26 27 32 57 
6 6 22 27 32 33 37 57 
6 6 27 33 37 38 43 57 
6 6 33 38 43 44 48 57 
6 6 1 6 11 12 16 57 
6 6 6 12 16 17 22 57 
6 6 12 17 22 23 27 57 
6 6 17 23 27 28 33 57 
6 6 23 28 33 34 38 57 
6 6 28 34 38 39 44 57 
6 6 34 39 44 45 49 57 
6 6 2 7 12 13 17 57 
6 6 7 13 17 18 23 57 
6 6 13 18 23 24 28 57 
6 6 18 24 28 29 34 57 
6 6 24 29 34 35 39 57 
6 6 29 35 39 40 45 57 
6 6 3 8 13 14 18 57 
6 6 8 14 18 19 24 57 
6 6 14 19 24 25 29 57 
6 6 19 25 29 30 35 57 
6 6 4 9 14 15 19 57 
6 6 9 15 19 20 25 57 
6 6 41 42 46 47 48 57 
6 6 31 32 36 37 38 57 
6 6 36 37 42 43 44 57 
6 6 42 43 47 48 49 57 
6 6 21 22 26 27 28 57 
6 6 26 27 32 33 34 57 
6 6 32 33 37 38 39 57 
6 6 37 38 43 44 45 57 
6 6 43 44 48 49 50 57 
6 6 11 12 16 17 18 57 
6 6 16 17 22 23 24 57 
6 6 22 23 27 28 29 57 
6 6 27 28 33 34 35 57 
6 6 33 34 38 39 40 57 
6 6 1 2 6 7 8 57 
6 6 6 7 12 13 14 57 
6 6 12 13 17 18 19 57 
6 6 17 18 23 24 25 57 
6 6 23 24 28 29 30 57 
6 6 2 3 7 8 9 57 
6 6 7 8 13 14 15 57 
6 6 13 14 18 19 20 57 
6 6 3 4 8 9 10 57 
6 6 41 42 43 47 48 57 
6 6 31 32 33 37 38 57 
6 6 36 37 38 43 44 57 
6 6 42 43 44 48 49 57 
6 6 21 22 23 27 28 57 
6 6 26 27 28 33 34 57 
6 6 32 33 34 38 39 57 
6 6 37 38 39 44 45 57 
6 6 43 44 45 49 50 57 
6 6 11 12 13 17 18 57 
6 6 16 17 18 23 24 57 
6 6 22 23 24 28 29 57 
6 6 27 28 29 34 35 57 
6 6 33 34 35 39 40 57 
6 6 1 2 3 7 8 57 
6 6 6 7 8 13 14 57 
6 6 12 13 14 18 19 57 
6 6 17 18 19 24 25 57 
6 6 23 24 25 29 30 57 
6 6 2 3 4 8 9 57 
6 6 7 8 9 14 15 57 
6 6 13 14 15 19 20 57 
6 6 3 4 5 9 10 57 
6 6 26 31 32 36 42 57 
6 6 32 36 37 42 47 57 
6 6 16 21 22 26 32 57 
6 6 22 26 27 32 37 57 
6 6 27 32 33 37 43 57 
6 6 33 37 38 43 48 57 
6 6 6 11 12 16 22 57 
6 6 12 16 17 22 27 57 
6 6 17 22 23 27 33 57 
6 6 23 27 28 33 38 57 
6 6 28 33 34 38 44 57 
6 6 34 38 39 44 49 57 
6 6 2 6 7 12 17 57 
6 6 7 12 13 17 23 57 
6 6 13 17 18 23 28 57 
6 6 18 23 24 28 34 57 
6 6 24 28 29 34 39 57 
6 6 29 34 35 39 45 57 
6 6 35 39 40 45 50 57 
6 6 3 7 8 13 18 57 
6 6 8 13 14 18 24 57 
6 6 14 18 19 24 29 57 
6 6 19 24 25 29 35 57 
6 6 25 29 30 35 40 57 
6 6 4 8 9 14 19 57 
6 6 9 14 15 19 25 57 
6 6 15 19 20 25 30 57 
6 6 5 9 10 15 20 57 
6 6 41 42 46 47 48 57 
6 6 31 32 36 37 38 57 
6 6 36 37 42 43 44 57 
6 6 42 43 47 48 49 57 
6 6 21 22 26 27 28 57 
6 6 26 27 32 33 34 57 
6 6 32 33 37 38 39 57 
6 6 37 38 43 44 45 57 
6 6 43 44 48 49 50 57 
6 6 11 12 16 17 18 57 
6 6 16 17 22 23 24 57 
6 6 22 23 27 28 29 57 
6 6 27 28 33 34 35 57 
6 6 33 34 38 39 40 57 
6 6 1 2 6 7 8 57 
6 6 6 7 12 13 14 57 
6 6 12 13 17 18 19 57 
6 6 17 18 23 24 25 57 
6 6 23 24 28 29 30 57 
6 6 2 3 7 8 9 57 
6 6 7 8 13 14 15 57 
6 6 13 14 18 19 20 57 
6 6 3 4 8 9 10 57 
6 6 37 38 41 42 43 57 
6 6 43 44 46 47 48 57 
6 6 27 28 31 32 33 57 
6 6 33 34 36 37 38 57 
6 6 38 39 42 43 44 57 
6 6 44 45 47 48 49 57 
6 6 17 18 21 22 23 57 
6 6 23 24 26 27 28 57 
6 6 28 29 32 33 34 57 
6 6 34 35 37 38 39 57 
6 6 39 40 43 44 45 57 
6 6 7 8 11 12 13 57 
6 6 13 14 16 17 18 57 
6 6 18 19 22 23 24 57 
6 6 24 25 27 28 29 57 
6 6 29 30 33 34 35 57 
6 6 3 4 6 7 8 57 
6 6 8 9 12 13 14 57 
6 6 14 15 17 18 19 57 
6 6 19 20 23 24 25 57 
6 6 4 5 7 8 9 57 
6 6 9 10 13 14 15 57 
6 6 31 36 37 42 43 57 
6 6 36 42 43 47 48 57 
6 6 21 26 27 32 33 57 
6 6 26 32 33 37 38 57 
6 6 32 37 38 43 44 57 
6 6 37 43 44 48 49 57 
6 6 11 16 17 22 23 57 
6 6 16 22 23 27 28 57 
6 6 22 27 28 33 34 57 
6 6 27 33 34 38 39 57 
6 6 33 38 39 44 45 57 
6 6 38 44 45 49 50 57 
6 6 1 6 7 12 13 57 
6 6 6 12 13 17 18 57 
6 6 12 17 18 23 24 57 
6 6 17 23 24 28 29 57 
6 6 23 28 29 34 35 57 
6 6 28 34 35 39 40 57 
6 6 2 7 8 13 14 57 
6 6 7 13 14 18 19 57 
6 6 13 18 19 24 25 57 
6 6 18 24 25 29 30 57 
6 6 3 8 9 14 15 57 
6 6 8 14 15 19 20 57 
6 6 36 37 38 41 42 57 
6 6 42 43 44 46 47 57 
6 6 26 27 28 31 32 57 
6 6 32 33 34 36 37 57 
6 6 37 38 39 42 43 57 
6 6 43 44 45 47 48 57 
6 6 16 17 18 21 22 57 
6 6 22 23 24 26 27 57 
6 6 27 28 29 32 33 57 
6 6 33 34 35 37 38 57 
6 6 38 39 40 43 44 57 
6 6 6 7 8 11 12 57 
6 6 12 13 14 16 17 57 
6 6 17 18 19 22 23 57 
6 6 23 24 25 27 28 57 
6 6 28 29 30 33 34 57 
6 6 2 3 4 6 7 57 
6 6 7 8 9 12 13 57 
6 6 13 14 15 17 18 57 
6 6 18 19 20 23 24 57 
6 6 3 4 5 7 8 57 
6 6 8 9 10 13 14 57 
6 6 37 38 41 42 43 57 
6 6 43 44 46 47 48 57 
6 6 27 28 31 32 33 57 
6 6 33 34 36 37 38 57 
6 6 38 39 42 43 44 57 
6 6 44 45 47 48 49 57 
6 6 17 18 21 22 23 57 
6 6 23 24 26 27 28 57 
6 6 28 29 32 33 34 57 
6 6 34 35 37 38 39 57 
6 6 39 40 43 44 45 57 
6 6 7 8 11 12 13 57 
6 6 13 14 16 17 18 57 
6 6 18 19 22 23 24 57 
6 6 24 25 27 28 29 57 
6 6 29 30 33 34 35 57 
6 6 3 4 6 7 8 57 
6 6 8 9 12 13 14 57 
6 6 14 15 17 18 19 57 
6 6 19 20 23 24 25 57 
6 6 4 5 7 8 9 57 
6 6 9 10 13 14 15 57 
6 6 31 32 36 37 43 57 
6 6 36 37 42 43 48 57 
6 6 21 22 26 27 33 57 
6 6 26 27 32 33 38 57 
6 6 32 33 37 38 44 57 
6 6 37 38 43 44 49 57 
6 6 11 12 16 17 23 57 
6 6 16 17 22 23 28 57 
6 6 22 23 27 28 34 57 
6 6 27 28 33 34 39 57 
6 6 33 34 38 39 45 57 
6 6 38 39 44 45 50 57 
6 6 1 2 6 7 13 57 
6 6 6 7 12 13 18 57 
6 6 12 13 17 18 24 57 
6 6 17 18 23 24 29 57 
6 6 23 24 28 29 35 57 
6 6 28 29 34 35 40 57 
6 6 2 3 7 8 14 57 
6 6 7 8 13 14 19 57 
6 6 13 14 18 19 25 57 
6 6 18 19 24 25 30 57 
6 6 3 4 8 9 15 57 
6 6 8 9 14 15 20 57 
6 6 36 37 38 41 42 57 
6 6 42 43 44 46 47 57 
6 6 26 27 28 31 32 57 
6 6 32 33 34 36 37 57 
6 6 37 38 39 42 43 57 
6 6 43 44 45 47 48 57 
6 6 16 17 18 21 22 57 
6 6 22 23 24 26 27 57 
6 6 27 28 29 32 33 57 
6 6 33 34 35 37 38 57 
6 6 38 39 40 43 44 57 
6 6 6 7 8 11 12 57 
6 6 12 13 14 16 17 57 
6 6 17 18 19 22 23 57 
6 6 23 24 25 27 28 57 
6 6 28 29 30 33 34 57 
6 6 2 3 4 6 7 57 
6 6 7 8 9 12 13 57 
6 6 13 14 15 17 18 57 
6 6 18 19 20 23 24 57 
6 6 3 4 5 7 8 57 
6 6 8 9 10 13 14 57 
6 6 31 32 37 38 43 58 
6 6 36 37 43 44 48 58 
6 6 21 22 27 28 33 58 
6 6 26 27 33 34 38 58 
6 6 32 33 38 39 44 58 
6 6 37 38 44 45 49 58 
6 6 11 12 17 18 23 58 
6 6 16 17 23 24 28 58 
6 6 22 23 28 29 34 58 
6 6 27 28 34 35 39 58 
6 6 33 34 39 40 45 58 
6 6 1 2 7 8 13 58 
6 6 6 7 13 14 18 58 
6 6 12 13 18 19 24 58 
6 6 17 18 24 25 29 58 
6 6 23 24 29 30 35 58 
6 6 2 3 8 9 14 58 
6 6 7 8 14 15 19 58 
6 6 13 14 19 20 25 58 
6 6 3 4 9 10 15 58 
6 6 26 32 36 41 42 58 
6 6 32 37 42 46 47 58 
6 6 16 22 26 31 32 58 
6 6 22 27 32 36 37 58 
6 6 27 33 37 42 43 58 
6 6 33 38 43 47 48 58 
6 6 6 12 16 21 22 58 
6 6 12 17 22 26 27 58 
6 6 17 23 27 32 33 58 
6 6 23 28 33 37 38 58 
6 6 28 34 38 43 44 58 
6 6 34 39 44 48 49 58 
6 6 2 7 12 16 17 58 
6 6 7 13 17 22 23 58 
6 6 13 18 23 27 28 58 
6 6 18 24 28 33 34 58 
6 6 24 29 34 38 39 58 
6 6 29 35 39 44 45 58 
6 6 35 40 45 49 50 58 
6 6 3 8 13 17 18 58 
6 6 8 14 18 23 24 58 
6 6 14 19 24 28 29 58 
6 6 19 25 29 34 35 58 
6 6 25 30 35 39 40 58 
6 6 4 9 14 18 19 58 
6 6 9 15 19 24 25 58 
6 6 15 20 25 29 30 58 
6 6 5 10 15 19 20 58 
6 6 36 41 42 47 48 58 
6 6 26 31 32 37 38 58 
6 6 32 36 37 43 44 58 
6 6 37 42 43 48 49 58 
6 6 16 21 22 27 28 58 
6 6 22 26 27 33 34 58 
6 6 27 32 33 38 39 58 
6 6 33 37 38 44 45 58 
6 6 38 43 44 49 50 58 
6 6 6 11 12 17 18 58 
6 6 12 16 17 23 24 58 
6 6 17 22 23 28 29 58 
6 6 23 27 28 34 35 58 
6 6 28 33 34 39 40 58 
6 6 2 6 7 13 14 58 
6 6 7 12 13 18 19 58 
6 6 13 17 18 24 25 58 
6 6 18 23 24 29 30 58 
6 6 3 7 8 14 15 58 
6 6 8 13 14 19 20 58 
6 6 31 32 37 38 43 58 
6 6 36 37 43 44 48 58 
6 6 21 22 27 28 33 58 
6 6 26 27 33 34 38 58 
6 6 32 33 38 39 44 58 
6 6 37 38 44 45 49 58 
6 6 11 12 17 18 23 58 
6 6 16 17 23 24 28 58 
6 6 22 23 28 29 34 58 
6 6 27 28 34 35 39 58 
6 6 33 34 39 40 45 58 
6 6 1 2 7 8 13 58 
6 6 6 7 13 14 18 58 
6 6 12 13 18 19 24 58 
6 6 17 18 24 25 29 58 
6 6 23 24 29 30 35 58 
6 6 2 3 8 9 14 58 
6 6 7 8 14 15 19 58 
6 6 13 14 19 20 25 58 
6 6 3 4 9 10 15 58 
6 6 31 32 36 41 46 58 
6 6 21 22 26 31 36 58 
6 6 26 27 32 36 42 58 
6 6 32 33 37 42 47 58 
6 6 11 12 16 21 26 58 
6 6 16 17 22 26 32 58 
6 6 22 23 27 32 37 58 
6 6 27 28 33 37 43 58 
6 6 33 34 38 43 48 58 
6 6 1 2 6 11 16 58 
6 6 6 7 12 16 22 58 
6 6 12 13 17 22 27 58 
6 6 17 18 23 27 33 58 
6 6 23 24 28 33 38 58 
6 6 28 29 34 38 44 58 
6 6 34 35 39 44 49 58 
6 6 2 3 7 12 17 58 
6 6 7 8 13 17 23 58 
6 6 13 14 18 23 28 58 
6 6 18 19 24 28 34 58 
6 6 24 25 29 34 39 58 
6 6 29 30 35 39 45 58 
6 6 3 4 8 13 18 58 
6 6 8 9 14 18 24 58 
6 6 14 15 19 24 29 58 
6 6 19 20 25 29 35 58 
6 6 4 5 9 14 19 58 
6 6 9 10 15 19 25 58 
6 6 36 41 42 47 48 58 
6 6 26 31 32 37 38 58 
6 6 32 36 37 43 44 58 
6 6 37 42 43 48 49 58 
6 6 16 21 22 27 28 58 
6 6 22 26 27 33 34 58 
6 6 27 32 33 38 39 58 
6 6 33 37 38 44 45 58 
6 6 38 43 44 49 50 58 
6 6 6 11 12 17 18 58 
6 6 12 16 17 23 24 58 
6 6 17 22 23 28 29 58 
6 6 23 27 28 34 35 58 
6 6 28 33 34 39 40 58 
6 6 2 6 7 13 14 58 
6 6 7 12 13 18 19 58 
6 6 13 17 18 24 25 58 
6 6 18 23 24 29 30 58 
6 6 3 7 8 14 15 58 
6 6 8 13 14 19 20 58 
6 6 33 37 38 41 42 58 
6 6 38 43 44 46 47 58 
6 6 23 27 28 31 32 58 
6 6 28 33 34 36 37 58 
6 6 34 38 39 42 43 58 
6 6 39 44 45 47 48 58 
6 6 13 17 18 21 22 58 
6 6 18 23 24 26 27 58 
6 6 24 28 29 32 33 58 
6 6 29 34 35 37 38 58 
6 6 35 39 40 43 44 58 
6 6 3 7 8 11 12 58 
6 6 8 13 14 16 17 58 
6 6 14 18 19 22 23 58 
6 6 19 24 25 27 28 58 
6 6 25 29 30 33 34 58 
6 6 4 8 9 12 13 58 
6 6 9 14 15 17 18 58 
6 6 15 19 20 23 24 58 
6 6 5 9 10 13 14 58 
6 6 31 36 37 38 43 58 
6 6 36 42 43 44 48 58 
6 6 21 26 27 28 33 58 
6 6 26 32 33 34 38 58 
6 6 32 37 38 39 44 58 
6 6 37 43 44 45 49 58 
6 6 11 16 17 18 23 58 
6 6 16 22 23 24 28 58 
6 6 22 27 28 29 34 58 
6 6 27 33 34 35 39 58 
6 6 33 38 39 40 45 58 
6 6 1 6 7 8 13 58 
6 6 6 12 13 14 18 58 
6 6 12 17 18 19 24 58 
6 6 17 23 24 25 29 58 
6 6 23 28 29 30 35 58 
6 6 2 7 8 9 14 58 
6 6 7 13 14 15 19 58 
6 6 13 18 19 20 25 58 
6 6 3 8 9 10 15 58 
6 6 37 38 41 42 46 58 
6 6 27 28 31 32 36 58 
6 6 33 34 36 37 42 58 
6 6 38 39 42 43 47 58 
6 6 17 18 21 22 26 58 
6 6 23 24 26 27 32 58 
6 6 28 29 32 33 37 58 
6 6 34 35 37 38 43 58 
6 6 39 40 43 44 48 58 
6 6 7 8 11 12 16 58 
6 6 13 14 16 17 22 58 
6 6 18 19 22 23 27 58 
6 6 24 25 27 28 33 58 
6 6 29 30 33 34 38 58 
6 6 3 4 6 7 12 58 
6 6 8 9 12 13 17 58 
6 6 14 15 17 18 23 58 
6 6 19 20 23 24 28 58 
6 6 4 5 7 8 13 58 
6 6 9 10 13 14 18 58 
6 6 33 37 38 41 42 58 
6 6 38 43 44 46 47 58 
6 6 23 27 28 31 32 58 
6 6 28 33 34 36 37 58 
6 6 34 38 39 42 43 58 
6 6 39 44 45 47 48 58 
6 6 13 17 18 21 22 58 
6 6 18 23 24 26 27 58 
6 6 24 28 29 32 33 58 
6 6 29 34 35 37 38 58 
6 6 35 39 40 43 44 58 
6 6 3 7 8 11 12 58 
6 6 8 13 14 16 17 58 
6 6 14 18 19 22 23 58 
6 6 19 24 25 27 28 58 
6 6 25 29 30 33 34 58 
6 6 4 8 9 12 13 58 
6 6 9 14 15 17 18 58 
6 6 15 19 20 23 24 58 
6 6 5 9 10 13 14 58 
6 6 36 41 42 43 48 58 
6 6 26 31 32 33 38 58 
6 6 32 36 37 38 44 58 
6 6 37 42 43 44 49 58 
6 6 16 21 22 23 28 58 
6 6 22 26 27 28 34 58 
6 6 27 32 33 34 39 58 
6 6 33 37 38 39 45 58 
6 6 38 43 44 45 50 58 
6 6 6 11 12 13 18 58 
6 6 12 16 17 18 24 58 
6 6 17 22 23 24 29 58 
6 6 23 27 28 29 35 58 
6 6 28 33 34 35 40 58 
6 6 2 6 7 8 14 58 
6 6 7 12 13 14 19 58 
6 6 13 17 18 19 25 58 
6 6 18 23 24 25 30 58 
6 6 3 7 8 9 15 58 
6 6 8 13 14 15 20 58 
6 6 37 38 41 42 46 58 
6 6 27 28 31 32 36 58 
6 6 33 34 36 37 42 58 
6 6 38 39 42 43 47 58 
6 6 17 18 21 22 26 58 
6 6 23 24 26 27 32 58 
6 6 28 29 32 33 37 58 
6 6 34 35 37 38 43 58 
6 6 39 40 43 44 48 58 
6 6 7 8 11 12 16 58 
6 6 13 14 16 17 22 58 
6 6 18 19 22 23 27 58 
6 6 24 25 27 28 33 58 
6 6 29 30 33 34 38 58 
6 6 3 4 6 7 12 58 
6 6 8 9 12 13 17 58 
6 6 14 15 17 18 23 58 
6 6 19 20 23 24 28 58 
6 6 4 5 7 8 13 58 
6 6 9 10 13 14 18 58 
6 6 31 32 37 42 43 59 
6 6 36 37 43 47 48 59 
6 6 21 22 27 32 33 59 
6 6 26 27 33 37 38 59 
6 6 32 33 38 43 44 59 
6 6 37 38 44 48 49 59 
6 6 11 12 17 22 23 59 
6 6 16 17 23 27 28 59 
6 6 22 23 28 33 34 59 
6 6 27 28 34 38 39 59 
6 6 33 34 39 44 45 59 
6 6 38 39 45 49 50 59 
6 6 1 2 7 12 13 59 
6 6 6 7 13 17 18 59 
6 6 12 13 18 23 24 59 
6 6 17 18 24 28 29 59 
6 6 23 24 29 34 35 59 
6 6 28 29 35 39 40 59 
6 6 2 3 8 13 14 59 
6 6 7 8 14 18 19 59 
6 6 13 14 19 24 25 59 
6 6 18 19 25 29 30 59 
6 6 3 4 9 14 15 59 
6 6 8 9 15 19 20 59 
6 6 32 37 41 42 46 59 
6 6 22 27 31 32 36 59 
6 6 27 33 36 37 42 59 
6 6 33 38 42 43 47 59 
6 6 12 17 21 22 26 59 
6 6 17 23 26 27 32 59 
6 6 23 28 32 33 37 59 
6 6 28 34 37 38 43 59 
6 6 34 39 43 44 48 59 
6 6 2 7 11 12 16 59 
6 6 7 13 16 17 22 59 
6 6 13 18 22 23 27 59 
6 6 18 24 27 28 33 59 
6 6 24 29 33 34 38 59 
6 6 29 35 38 39 44 59 
6 6 35 40 44 45 49 59 
6 6 3 8 12 13 17 59 
6 6 8 14 17 18 23 59 
6 6 14 19 23 24 28 59 
6 6 19 25 28 29 34 59 
6 6 25 30 34 35 39 59 
6 6 4 9 13 14 18 59 
6 6 9 15 18 19 24 59 
6 6 15 20 24 25 29 59 
6 6 5 10 14 15 19 59 
6 6 31 32 36 42 43 59 
6 6 36 37 42 47 48 59 
6 6 21 22 26 32 33 59 
6 6 26 27 32 37 38 59 
6 6 32 33 37 43 44 59 
6 6 37 38 43 48 49 59 
6 6 11 12 16 22 23 59 
6 6 16 17 22 27 28 59 
6 6 22 23 27 33 34 59 
6 6 27 28 33 38 39 59 
6 6 33 34 38 44 45 59 
6 6 38 39 44 49 50 59 
6 6 1 2 6 12 13 59 
6 6 6 7 12 17 18 59 
6 6 12 13 17 23 24 59 
6 6 17 18 23 28 29 59 
6 6 23 24 28 34 35 59 
6 6 28 29 34 39 40 59 
6 6 2 3 7 13 14 59 
6 6 7 8 13 18 19 59 
6 6 13 14 18 24 25 59 
6 6 18 19 24 29 30 59 
6 6 3 4 8 14 15 59 
6 6 8 9 14 19 20 59 
6 6 31 32 37 42 43 59 
6 6 36 37 43 47 48 59 
6 6 21 22 27 32 33 59 
6 6 26 27 33 37 38 59 
6 6 32 33 38 43 44 59 
6 6 37 38 44 48 49 59 
6 6 11 12 17 22 23 59 
6 6 16 17 23 27 28 59 
6 6 22 23 28 33 34 59 
6 6 27 28 34 38 39 59 
6 6 33 34 39 44 45 59 
6 6 38 39 45 49 50 59 
6 6 1 2 7 12 13 59 
6 6 6 7 13 17 18 59 
6 6 12 13 18 23 24 59 
6 6 17 18 24 28 29 59 
6 6 23 24 29 34 35 59 
6 6 28 29 35 39 40 59 
6 6 2 3 8 13 14 59 
6 6 7 8 14 18 19 59 
6 6 13 14 19 24 25 59 
6 6 18 19 25 29 30 59 
6 6 3 4 9 14 15 59 
6 6 8 9 15 19 20 59 
6 6 32 36 37 41 46 59 
6 6 22 26 27 31 36 59 
6 6 27 32 33 36 42 59 
6 6 33 37 38 42 47 59 
6 6 12 16 17 21 26 59 
6 6 17 22 23 26 32 59 
6 6 23 27 28 32 37 59 
6 6 28 33 34 37 43 59 
6 6 34 38 39 43 48 59 
6 6 2 6 7 11 16 59 
6 6 7 12 13 16 22 59 
6 6 13 17 18 22 27 59 
6 6 18 23 24 27 33 59 
6 6 24 28 29 33 38 59 
6 6 29 34 35 38 44 59 
6 6 35 39 40 44 49 59 
6 6 3 7 8 12 17 59 
6 6 8 13 14 17 23 59 
6 6 14 18 19 23 28 59 
6 6 19 24 25 28 34 59 
6 6 25 29 30 34 39 59 
6 6 4 8 9 13 18 59 
6 6 9 14 15 18 24 59 
6 6 15 19 20 24 29 59 
6 6 5 9 10 14 19 59 
6 6 31 32 36 42 43 59 
6 6 36 37 42 47 48 59 
6 6 21 22 26 32 33 59 
6 6 26 27 32 37 38 59 
6 6 32 33 37 43 44 59 
6 6 37 38 43 48 49 59 
6 6 11 12 16 22 23 59 
6 6 16 17 22 27 28 59 
6 6 22 23 27 33 34 59 
6 6 27 28 33 38 39 59 
6 6 33 34 38 44 45 59 
6 6 38 39 44 49 50 59 
6 6 1 2 6 12 13 59 
6 6 6 7 12 17 18 59 
6 6 12 13 17 23 24 59 
6 6 17 18 23 28 29 59 
6 6 23 24 28 34 35 59 
6 6 28 29 34 39 40 59 
6 6 2 3 7 13 14 59 
6 6 7 8 13 18 19 59 
6 6 13 14 18 24 25 59 
6 6 18 19 24 29 30 59 
6 6 3 4 8 14 15 59 
6 6 8 9 14 19 20 59 
6 6 32 33 37 41 42 59 
6 6 37 38 43 46 47 59 
6 6 22 23 27 31 32 59 
6 6 27 28 33 36 37 59 
6 6 33 34 38 42 43 59 
6 6 38 39 44 47 48 59 
6 6 12 13 17 21 22 59 
6 6 17 18 23 26 27 59 
6 6 23 24 28 32 33 59 
6 6 28 29 34 37 38 59 
6 6 34 35 39 43 44 59 
6 6 39 40 45 48 49 59 
6 6 2 3 7 11 12 59 
6 6 7 8 13 16 17 59 
6 6 13 14 18 22 23 59 
6 6 18 19 24 27 28 59 
6 6 24 25 29 33 34 59 
6 6 29 30 35 38 39 59 
6 6 3 4 8 12 13 59 
6 6 8 9 14 17 18 59 
6 6 14 15 19 23 24 59 
6 6 19 20 25 28 29 59 
6 6 4 5 9 13 14 59 
6 6 9 10 15 18 19 59 
6 6 41 43 46 47 48 59 
6 6 31 33 36 37 38 59 
6 6 36 38 42 43 44 59 
6 6 42 44 47 48 49 59 
6 6 21 23 26 27 28 59 
6 6 26 28 32 33 34 59 
6 6 32 34 37 38 39 59 
6 6 37 39 43 44 45 59 
6 6 43 45 48 49 50 59 
6 6 11 13 16 17 18 59 
6 6 16 18 22 23 24 59 
6 6 22 24 27 28 29 59 
6 6 27 29 33 34 35 59 
6 6 33 35 38 39 40 59 
6 6 1 3 6 7 8 59 
6 6 6 8 12 13 14 59 
6 6 12 14 17 18 19 59 
6 6 17 19 23 24 25 59 
6 6 23 25 28 29 30 59 
6 6 2 4 7 8 9 59 
6 6 7 9 13 14 15 59 
6 6 13 15 18 19 20 59 
6 6 3 5 8 9 10 59 
6 6 32 33 36 41 42 59 
6 6 37 38 42 46 47 59 
6 6 22 23 26 31 32 59 
6 6 27 28 32 36 37 59 
6 6 33 34 37 42 43 59 
6 6 38 39 43 47 48 59 
6 6 12 13 16 21 22 59 
6 6 17 18 22 26 27 59 
6 6 23 24 27 32 33 59 
6 6 28 29 33 37 38 59 
6 6 34 35 38 43 44 59 
6 6 39 40 44 48 49 59 
6 6 2 3 6 11 12 59 
6 6 7 8 12 16 17 59 
6 6 13 14 17 22 23 59 
6 6 18 19 23 27 28 59 
6 6 24 25 28 33 34 59 
6 6 29 30 34 38 39 59 
6 6 3 4 7 12 13 59 
6 6 8 9 13 17 18 59 
6 6 14 15 18 23 24 59 
6 6 19 20 24 28 29 59 
6 6 4 5 8 13 14 59 
6 6 9 10 14 18 19 59 
6 6 32 33 37 41 42 59 
6 6 37 38 43 46 47 59 
6 6 22 23 27 31 32 59 
6 6 27 28 33 36 37 59 
6 6 33 34 38 42 43 59 
6 6 38 39 44 47 48 59 
6 6 12 13 17 21 22 59 
6 6 17 18 23 26 27 59 
6 6 23 24 28 32 33 59 
6 6 28 29 34 37 38 59 
6 6 34 35 39 43 44 59 
6 6 39 40 45 48 49 59 
6 6 2 3 7 11 12 59 
6 6 7 8 13 16 17 59 
6 6 13 14 18 22 23 59 
6 6 18 19 24 27 28 59 
6 6 24 25 29 33 34 59 
6 6 29 30 35 38 39 59 
6 6 3 4 8 12 13 59 
6 6 8 9 14 17 18 59 
6 6 14 15 19 23 24 59 
6 6 19 20 25 28 29 59 
6 6 4 5 9 13 14 59 
6 6 9 10 15 18 19 59 
6 6 41 42 43 46 48 59 
6 6 31 32 33 36 38 59 
6 6 36 37 38 42 44 59 
6 6 42 43 44 47 49 59 
6 6 21 22 23 26 28 59 
6 6 26 27 28 32 34 59 
6 6 32 33 34 37 39 59 
6 6 37 38 39 43 45 59 
6 6 43 44 45 48 50 59 
6 6 11 12 13 16 18 59 
6 6 16 17 18 22 24 59 
6 6 22 23 24 27 29 59 
6 6 27 28 29 33 35 59 
6 6 33 34 35 38 40 59 
6 6 1 2 3 6 8 59 
6 6 6 7 8 12 14 59 
6 6 12 13 14 17 19 59 
6 6 17 18 19 23 25 59 
6 6 23 24 25 28 30 59 
6 6 2 3 4 7 9 59 
6 6 7 8 9 13 15 59 
6 6 13 14 15 18 20 59 
6 6 3 4 5 8 10 59 
6 6 32 33 36 41 42 59 
6 6 37 38 42 46 47 59 
6 6 22 23 26 31 32 59 
6 6 27 28 32 36 37 59 
6 6 33 34 37 42 43 59 
6 6 38 39 43 47 48 59 
6 6 12 13 16 21 22 59 
6 6 17 18 22 26 27 59 
6 6 23 24 27 32 33 59 
6 6 28 29 33 37 38 59 
6 6 34 35 38 43 44 59 
6 6 39 40 44 48 49 59 
6 6 2 3 6 11 12 59 
6 6 7 8 12 16 17 59 
6 6 13 14 17 22 23 59 
6 6 18 19 23 27 28 59 
6 6 24 25 28 33 34 59 
6 6 29 30 34 38 39 59 
6 6 3 4 7 12 13 59 
6 6 8 9 13 17 18 59 
6 6 14 15 18 23 24 59 
6 6 19 20 24 28 29 59 
6 6 4 5 8 13 14 59 
6 6 9 10 14 18 19 59 
6 6 31 32 37 38 42 60 
6 6 36 37 43 44 47 60 
6 6 21 22 27 28 32 60 
6 6 26 27 33 34 37 60 
6 6 32 33 38 39 43 60 
6 6 37 38 44 45 48 60 
6 6 11 12 17 18 22 60 
6 6 16 17 23 24 27 60 
6 6 22 23 28 29 33 60 
6 6 27 28 34 35 38 60 
6 6 33 34 39 40 44 60 
6 6 1 2 7 8 12 60 
6 6 6 7 13 14 17 60 
6 6 12 13 18 19 23 60 
6 6 17 18 24 25 28 60 
6 6 23 24 29 30 34 60 
6 6 2 3 8 9 13 60 
6 6 7 8 14 15 18 60 
6 6 13 14 19 20 24 60 
6 6 3 4 9 10 14 60 
6 6 32 37 41 42 47 60 
6 6 22 27 31 32 37 60 
6 6 27 33 36 37 43 60 
6 6 33 38 42 43 48 60 
6 6 12 17 21 22 27 60 
6 6 17 23 26 27 33 60 
6 6 23 28 32 33 38 60 
6 6 28 34 37 38 44 60 
6 6 34 39 43 44 49 60 
6 6 2 7 11 12 17 60 
6 6 7 13 16 17 23 60 
6 6 13 18 22 23 28 60 
6 6 18 24 27 28 34 60 
6 6 24 29 33 34 39 60 
6 6 29 35 38 39 45 60 
6 6 35 40 44 45 50 60 
6 6 3 8 12 13 18 60 
6 6 8 14 17 18 24 60 
6 6 14 19 23 24 29 60 
6 6 19 25 28 29 35 60 
6 6 25 30 34 35 40 60 
6 6 4 9 13 14 19 60 
6 6 9 15 18 19 25 60 
6 6 15 20 24 25 30 60 
6 6 5 10 14 15 20 60 
6 6 37 41 42 47 48 60 
6 6 27 31 32 37 38 60 
6 6 33 36 37 43 44 60 
6 6 38 42 43 48 49 60 
6 6 17 21 22 27 28 60 
6 6 23 26 27 33 34 60 
6 6 28 32 33 38 39 60 
6 6 34 37 38 44 45 60 
6 6 39 43 44 49 50 60 
6 6 7 11 12 17 18 60 
6 6 13 16 17 23 24 60 
6 6 18 22 23 28 29 60 
6 6 24 27 28 34 35 60 
6 6 29 33 34 39 40 60 
6 6 3 6 7 13 14 60 
6 6 8 12 13 18 19 60 
6 6 14 17 18 24 25 60 
6 6 19 23 24 29 30 60 
6 6 4 7 8 14 15 60 
6 6 9 13 14 19 20 60 
6 6 31 32 37 38 42 60 
6 6 36 37 43 44 47 60 
6 6 21 22 27 28 32 60 
6 6 26 27 33 34 37 60 
6 6 32 33 38 39 43 60 
6 6 37 38 44 45 48 60 
6 6 11 12 17 18 22 60 
6 6 16 17 23 24 27 60 
6 6 22 23 28 29 33 60 
6 6 27 28 34 35 38 60 
6 6 33 34 39 40 44 60 
6 6 1 2 7 8 12 60 
6 6 6 7 13 14 17 60 
6 6 12 13 18 19 23 60 
6 6 17 18 24 25 28 60 
6 6 23 24 29 30 34 60 
6 6 2 3 8 9 13 60 
6 6 7 8 14 15 18 60 
6 6 13 14 19 20 24 60 
6 6 3 4 9 10 14 60 
6 6 31 36 37 41 46 60 
6 6 21 26 27 31 36 60 
6 6 26 32 33 36 42 60 
6 6 32 37 38 42 47 60 
6 6 11 16 17 21 26 60 
6 6 16 22 23 26 32 60 
6 6 22 27 28 32 37 60 
6 6 27 33 34 37 43 60 
6 6 33 38 39 43 48 60 
6 6 1 6 7 11 16 60 
6 6 6 12 13 16 22 60 
6 6 12 17 18 22 27 60 
6 6 17 23 24 27 33 60 
6 6 23 28 29 33 38 60 
6 6 28 34 35 38 44 60 
6 6 34 39 40 44 49 60 
6 6 2 7 8 12 17 60 
6 6 7 13 14 17 23 60 
6 6 13 18 19 23 28 60 
6 6 18 24 25 28 34 60 
6 6 24 29 30 34 39 60 
6 6 3 8 9 13 18 60 
6 6 8 14 15 18 24 60 
6 6 14 19 20 24 29 60 
6 6 4 9 10 14 19 60 
6 6 37 41 42 47 48 60 
6 6 27 31 32 37 38 60 
6 6 33 36 37 43 44 60 
6 6 38 42 43 48 49 60 
6 6 17 21 22 27 28 60 
6 6 23 26 27 33 34 60 
6 6 28 32 33 38 39 60 
6 6 34 37 38 44 45 60 
6 6 39 43 44 49 50 60 
6 6 7 11 12 17 18 60 
6 6 13 16 17 23 24 60 
6 6 18 22 23 28 29 60 
6 6 24 27 28 34 35 60 
6 6 29 33 34 39 40 60 
6 6 3 6 7 13 14 60 
6 6 8 12 13 18 19 60 
6 6 14 17 18 24 25 60 
6 6 19 23 24 29 30 60 
6 6 4 7 8 14 15 60 
6 6 9 13 14 19 20 60 
6 6 32 37 38 41 42 60 
6 6 37 43 44 46 47 60 
6 6 22 27 28 31 32 60 
6 6 27 33 34 36 37 60 
6 6 33 38 39 42 43 60 
6 6 38 44 45 47 48 60 
6 6 12 17 18 21 22 60 
6 6 17 23 24 26 27 60 
6 6 23 28 29 32 33 60 
6 6 28 34 35 37 38 60 
6 6 34 39 40 43 44 60 
6 6 2 7 8 11 12 60 
6 6 7 13 14 16 17 60 
6 6 13 18 19 22 23 60 
6 6 18 24 25 27 28 60 
6 6 24 29 30 33 34 60 
6 6 3 8 9 12 13 60 
6 6 8 14 15 17 18 60 
6 6 14 19 20 23 24 60 
6 6 4 9 10 13 14 60 
6 6 31 33 36 37 43 60 
6 6 36 38 42 43 48 60 
6 6 21 23 26 27 33 60 
6 6 26 28 32 33 38 60 
6 6 32 34 37 38 44 60 
6 6 37 39 43 44 49 60 
6 6 11 13 16 17 23 60 
6 6 16 18 22 23 28 60 
6 6 22 24 27 28 34 60 
6 6 27 29 33 34 39 60 
6 6 33 35 38 39 45 60 
6 6 38 40 44 45 50 60 
6 6 1 3 6 7 13 60 
6 6 6 8 12 13 18 60 
6 6 12 14 17 18 24 60 
6 6 17 19 23 24 29 60 
6 6 23 25 28 29 35 60 
6 6 28 30 34 35 40 60 
6 6 2 4 7 8 14 60 
6 6 7 9 13 14 19 60 
6 6 13 15 18 19 25 60 
6 6 18 20 24 25 30 60 
6 6 3 5 8 9 15 60 
6 6 8 10 14 15 20 60 
6 6 37 38 41 42 47 60 
6 6 27 28 31 32 37 60 
6 6 33 34 36 37 43 60 
6 6 38 39 42 43 48 60 
6 6 17 18 21 22 27 60 
6 6 23 24 26 27 33 60 
6 6 28 29 32 33 38 60 
6 6 34 35 37 38 44 60 
6 6 39 40 43 44 49 60 
6 6 7 8 11 12 17 60 
6 6 13 14 16 17 23 60 
6 6 18 19 22 23 28 60 
6 6 24 25 27 28 34 60 
6 6 29 30 33 34 39 60 
6 6 3 4 6 7 13 60 
6 6 8 9 12 13 18 60 
6 6 14 15 17 18 24 60 
6 6 19 20 23 24 29 60 
6 6 4 5 7 8 14 60 
6 6 9 10 13 14 19 60 
6 6 32 37 38 41 42 60 
6 6 37 43 44 46 47 60 
6 6 22 27 28 31 32 60 
6 6 27 33 34 36 37 60 
6 6 33 38 39 42 43 60 
6 6 38 44 45 47 48 60 
6 6 12 17 18 21 22 60 
6 6 17 23 24 26 27 60 
6 6 23 28 29 32 33 60 
6 6 28 34 35 37 38 60 
6 6 34 39 40 43 44 60 
6 6 2 7 8 11 12 60 
6 6 7 13 14 16 17 60 
6 6 13 18 19 22 23 60 
6 6 18 24 25 27 28 60 
6 6 24 29 30 33 34 60 
6 6 3 8 9 12 13 60 
6 6 8 14 15 17 18 60 
6 6 14 19 20 23 24 60 
6 6 4 9 10 13 14 60 
6 6 31 36 37 41 43 60 
6 6 36 42 43 46 48 60 
6 6 21 26 27 31 33 60 
6 6 26 32 33 36 38 60 
6 6 32 37 38 42 44 60 
6 6 37 43 44 47 49 60 
6 6 11 16 17 21 23 60 
6 6 16 22 23 26 28 60 
6 6 22 27 28 32 34 60 
6 6 27 33 34 37 39 60 
6 6 33 38 39 43 45 60 
6 6 38 44 45 48 50 60 
6 6 1 6 7 11 13 60 
6 6 6 12 13 16 18 60 
6 6 12 17 18 22 24 60 
6 6 17 23 24 27 29 60 
6 6 23 28 29 33 35 60 
6 6 28 34 35 38 40 60 
6 6 2 7 8 12 14 60 
6 6 7 13 14 17 19 60 
6 6 13 18 19 23 25 60 
6 6 18 24 25 28 30 60 
6 6 3 8 9 13 15 60 
6 6 8 14 15 18 20 60 
6 6 37 38 41 42 47 60 
6 6 27 28 31 32 37 60 
6 6 33 34 36 37 43 60 
6 6 38 39 42 43 48 60 
6 6 17 18 21 22 27 60 
6 6 23 24 26 27 33 60 
6 6 28 29 32 33 38 60 
6 6 34 35 37 38 44 60 
6 6 39 40 43 44 49 60 
6 6 7 8 11 12 17 60 
6 6 13 14 16 17 23 60 
6 6 18 19 22 23 28 60 
6 6 24 25 27 28 34 60 
6 6 29 30 33 34 39 60 
6 6 3 4 6 7 13 60 
6 6 8 9 12 13 18 60 
6 6 14 15 17 18 24 60 
6 6 19 20 23 24 29 60 
6 6 4 5 7 8 14 60 
6 6 9 10 13 14 19 60 
